FrameNumber, ObjectNumber,Range,Velocity,PeakValue,x,y
0,0,1.575,-0.003905960962144464,0.0,-0.739417711387778,1.39064245875281
0,1,1.575,-0.003905960962144464,0.0,-0.739417711387778,1.39064245875281
0,2,1.575,-0.003905960962144464,0.0,-0.739417711387778,1.39064245875281
0,3,1.575,-0.003905960962144464,0.0,-0.739417711387778,1.39064245875281
0,4,1.575,-0.003905960962144464,0.0,-0.739417711387778,1.39064245875281
0,5,1.575,-0.003905960962144464,0.0,-0.5386817257379282,1.4800158777378056
0,6,1.575,-0.003905960962144464,0.0,-0.5386817257379282,1.4800158777378056
0,7,1.575,-0.003905960962144464,0.0,-0.5386817257379282,1.4800158777378056
0,8,1.575,-0.003905960962144464,0.0,-0.5386817257379282,1.4800158777378056
0,9,1.575,-0.003905960962144464,0.0,-0.5386817257379282,1.4800158777378056
0,10,1.575,-0.003905960962144464,0.0,-0.5386817257379282,1.4800158777378056
0,11,1.575,-0.003905960962144464,0.0,-0.5386817257379282,1.4800158777378056
0,12,1.575,-0.003905960962144464,0.0,-0.5386817257379282,1.4800158777378056
0,13,1.575,-0.003905960962144464,0.0,-0.5386817257379282,1.4800158777378056
0,14,1.575,-0.003905960962144464,0.0,-0.5386817257379282,1.4800158777378056
0,15,1.575,-0.003905960962144464,0.0,-0.5386817257379282,1.4800158777378056
0,16,1.575,-0.003905960962144464,0.0,-0.5386817257379282,1.4800158777378056
0,17,1.575,-0.003905960962144464,0.0,-0.5386817257379282,1.4800158777378056
0,18,1.575,-0.003905960962144464,0.0,-0.5386817257379282,1.4800158777378056
0,19,4.725,0.011717882886433393,0.0,4.091970032881472,2.3625000000000003
1,0,2.4,-0.011717882886433393,2036033500.0,0.16741553698590073,2.394153720623578
1,1,2.4,-0.011717882886433393,2038773800.0,0.16741553698590073,2.394153720623578
1,2,2.4,-0.011717882886433393,2095245300.0,1.6671800891015933,1.7264155208127627
1,3,2.4,-0.011717882886433393,2099177500.0,0.4989880579626224,2.3475542417611335
1,4,2.4,-0.011717882886433393,2104866800.0,0.8208483439816049,2.25526228988618
1,5,2.4,-0.011717882886433393,2151915500.0,1.6671800891015933,1.7264155208127627
1,6,2.4,-0.011717882886433393,2220222500.0,0.8208483439816049,2.25526228988618
1,7,2.4,-0.011717882886433393,2271160300.0,0.4989880579626224,2.3475542417611335
1,8,2.4,-0.011717882886433393,2308444200.0,1.4106846055019355,1.9416407864998737
1,9,2.4,-0.011717882886433393,2346597400.0,1.1267317506861378,2.1190742228614248
1,10,2.4,-0.011717882886433393,2352355300.0,1.1267317506861378,2.1190742228614248
1,11,2.4,-0.011717882886433393,2361616400.0,0.4989880579626224,2.3475542417611335
1,12,2.4,-0.011717882886433393,2363133000.0,1.4106846055019355,1.9416407864998737
1,13,2.4,-0.011717882886433393,2421999600.0,0.4989880579626224,2.3475542417611335
1,14,2.4,-0.011717882886433393,2467543000.0,1.4106846055019355,1.9416407864998737
1,15,2.4,-0.011717882886433393,2469685200.0,0.8208483439816049,2.25526228988618
1,16,2.4,-0.011717882886433393,2532114400.0,0.8208483439816049,2.25526228988618
1,17,2.4,-0.011717882886433393,2599045000.0,1.1267317506861378,2.1190742228614248
1,18,2.4,-0.011717882886433393,2601044000.0,1.1267317506861378,2.1190742228614248
1,19,2.4,-0.011717882886433393,2619713500.0,0.8208483439816049,2.25526228988618
2,0,2.4,-0.011717882886433393,582994940.0,-1.4106846055019355,1.9416407864998737
2,1,2.4,-0.011717882886433393,585361400.0,-1.1267317506861378,2.1190742228614248
2,2,2.4,-0.011717882886433393,585904100.0,1.6671800891015933,1.7264155208127627
2,3,2.4,-0.009374306309146714,589513340.0,-0.4989880579626224,2.3475542417611335
2,4,2.4,-0.009374306309146714,591230460.0,0.16741553698590073,2.394153720623578
2,5,2.4,-0.011717882886433393,591683600.0,0.8208483439816049,2.25526228988618
2,6,2.4,-0.011717882886433393,594098200.0,1.6671800891015933,1.7264155208127627
2,7,2.4,-0.009374306309146714,595142400.0,-0.4989880579626224,2.3475542417611335
2,8,2.4,-0.011717882886433393,607983600.0,1.1267317506861378,2.1190742228614248
2,9,2.4,-0.011717882886433393,608843800.0,1.4106846055019355,1.9416407864998737
2,10,2.4,-0.011717882886433393,609165300.0,0.4989880579626224,2.3475542417611335
2,11,2.4,-0.009374306309146714,610227300.0,-0.16741553698590073,2.394153720623578
2,12,2.4,-0.011717882886433393,610474000.0,1.1267317506861378,2.1190742228614248
2,13,2.4,-0.011717882886433393,612925440.0,0.4989880579626224,2.3475542417611335
2,14,2.4,-0.011717882886433393,616103940.0,1.4106846055019355,1.9416407864998737
2,15,2.4,-0.009374306309146714,617227800.0,-0.4989880579626224,2.3475542417611335
2,16,2.4,-0.009374306309146714,617698300.0,-0.16741553698590073,2.394153720623578
2,17,2.4,-0.011717882886433393,620886000.0,0.8208483439816049,2.25526228988618
2,18,2.4,-0.011717882886433393,630738940.0,0.8208483439816049,2.25526228988618
2,19,2.4,-0.011717882886433393,631826400.0,1.1267317506861378,2.1190742228614248
3,0,2.4,-0.00976490240536116,1432218100.0,0.8208483439816049,2.25526228988618
3,1,2.4,-0.00976490240536116,1443487000.0,0.16741553698590073,2.394153720623578
3,2,2.4,-0.00976490240536116,1460251900.0,0.4989880579626224,2.3475542417611335
3,3,2.4,-0.00976490240536116,1474317300.0,-0.4989880579626224,2.3475542417611335
3,4,2.4,-0.00976490240536116,1477727900.0,-0.8208483439816049,2.25526228988618
3,5,2.4,-0.009374306309146714,1481306000.0,0.8208483439816049,2.25526228988618
3,6,2.4,-0.00976490240536116,1539256400.0,-0.16741553698590073,2.394153720623578
3,7,2.4,-0.00976490240536116,1572887600.0,-0.8208483439816049,2.25526228988618
3,8,2.4,-0.00976490240536116,1575397600.0,0.4989880579626224,2.3475542417611335
3,9,2.4,-0.00976490240536116,1598740700.0,-0.8208483439816049,2.25526228988618
3,10,2.4,-0.00976490240536116,1610617300.0,0.4989880579626224,2.3475542417611335
3,11,2.4,-0.00976490240536116,1612980200.0,0.16741553698590073,2.394153720623578
3,12,2.4,-0.00976490240536116,1628992100.0,-0.4989880579626224,2.3475542417611335
3,13,2.4,-0.00976490240536116,1633378300.0,-0.16741553698590073,2.394153720623578
3,14,2.4,-0.00976490240536116,1681230100.0,0.16741553698590073,2.394153720623578
3,15,2.4,-0.00976490240536116,1687880200.0,-0.4989880579626224,2.3475542417611335
3,16,2.4,-0.00976490240536116,1740751400.0,0.16741553698590073,2.394153720623578
3,17,2.4,-0.00976490240536116,1742214100.0,-0.4989880579626224,2.3475542417611335
3,18,2.4,-0.00976490240536116,1747203600.0,-0.16741553698590073,2.394153720623578
3,19,2.4,-0.00976490240536116,1780272600.0,-0.16741553698590073,2.394153720623578
4,0,2.4,-0.011717882886433393,1621180400.0,0.8208483439816049,2.25526228988618
4,1,2.4,-0.011717882886433393,1622583300.0,0.8208483439816049,2.25526228988618
4,2,2.4,-0.011717882886433393,1627031600.0,1.4106846055019355,1.9416407864998737
4,3,2.4,-0.00976490240536116,1632081000.0,0.8208483439816049,2.25526228988618
4,4,2.4,-0.011717882886433393,1642907600.0,1.4106846055019355,1.9416407864998737
4,5,2.4,-0.00976490240536116,1659721200.0,1.1267317506861378,2.1190742228614248
4,6,2.4,-0.00976490240536116,1668230500.0,1.1267317506861378,2.1190742228614248
4,7,2.4,-0.011717882886433393,1685209100.0,1.1267317506861378,2.1190742228614248
4,8,2.4,-0.011717882886433393,1695907800.0,1.4106846055019355,1.9416407864998737
4,9,2.4,-0.011717882886433393,1709824000.0,1.1267317506861378,2.1190742228614248
4,10,2.4,-0.00976490240536116,1729477200.0,0.16741553698590073,2.394153720623578
4,11,2.4,-0.00976490240536116,1736271700.0,0.16741553698590073,2.394153720623578
4,12,2.4,-0.00976490240536116,1757293700.0,0.4989880579626224,2.3475542417611335
4,13,2.4,-0.00976490240536116,1758969500.0,0.4989880579626224,2.3475542417611335
4,14,2.4,-0.00976490240536116,1780045400.0,0.8208483439816049,2.25526228988618
4,15,2.4,-0.00976490240536116,1783489300.0,0.16741553698590073,2.394153720623578
4,16,2.4,-0.00976490240536116,1789162600.0,0.8208483439816049,2.25526228988618
4,17,2.4,-0.00976490240536116,1841097900.0,0.8208483439816049,2.25526228988618
4,18,2.4,-0.00976490240536116,1864979300.0,0.4989880579626224,2.3475542417611335
4,19,2.4,-0.00976490240536116,1865590800.0,0.4989880579626224,2.3475542417611335
5,0,2.4,-0.011717882886433393,1702764500.0,0.8208483439816049,2.25526228988618
5,1,2.4,-0.011717882886433393,1725817900.0,2.0784609690826525,1.2000000000000002
5,2,2.4,-0.011717882886433393,1757097000.0,1.6671800891015933,1.7264155208127627
5,3,2.4,-0.011717882886433393,1802157000.0,1.8912258086561327,1.47758754078158
5,4,2.4,-0.011717882886433393,1834676200.0,2.0784609690826525,1.2000000000000002
5,5,2.4,-0.011717882886433393,1846562800.0,1.6671800891015933,1.7264155208127627
5,6,2.4,-0.011717882886433393,1854695400.0,2.0784609690826525,1.2000000000000002
5,7,2.4,-0.011717882886433393,1855477800.0,1.1267317506861378,2.1190742228614248
5,8,2.4,-0.011717882886433393,1874874400.0,1.1267317506861378,2.1190742228614248
5,9,2.4,-0.011717882886433393,1893943300.0,1.4106846055019355,1.9416407864998737
5,10,2.4,-0.011717882886433393,1915451400.0,1.4106846055019355,1.9416407864998737
5,11,2.4,-0.011717882886433393,1918556200.0,1.8912258086561327,1.47758754078158
5,12,2.4,-0.011717882886433393,1941241900.0,1.1267317506861378,2.1190742228614248
5,13,2.4,-0.011717882886433393,1995825200.0,1.8912258086561327,1.47758754078158
5,14,2.4,-0.011717882886433393,2009612300.0,1.6671800891015933,1.7264155208127627
5,15,2.4,-0.011717882886433393,2036711400.0,1.8912258086561327,1.47758754078158
5,16,2.4,-0.011717882886433393,2058027000.0,1.6671800891015933,1.7264155208127627
5,17,2.4,-0.011717882886433393,2058455000.0,1.4106846055019355,1.9416407864998737
5,18,2.4,-0.011717882886433393,2066001900.0,1.4106846055019355,1.9416407864998737
5,19,2.4,-0.011717882886433393,2115285000.0,1.6671800891015933,1.7264155208127627
6,0,2.4,-0.011717882886433393,2178211800.0,-0.16741553698590073,2.394153720623578
6,1,2.4,-0.011717882886433393,2181720000.0,-0.16741553698590073,2.394153720623578
6,2,2.4,-0.011717882886433393,2183080000.0,1.1267317506861378,2.1190742228614248
6,3,2.4,-0.011717882886433393,2336116700.0,0.16741553698590073,2.394153720623578
6,4,2.4,-0.011717882886433393,2336190500.0,0.4989880579626224,2.3475542417611335
6,5,2.4,-0.011717882886433393,2361354200.0,0.8208483439816049,2.25526228988618
6,6,2.4,-0.011717882886433393,2402414600.0,1.1267317506861378,2.1190742228614248
6,7,2.4,-0.011717882886433393,2405800000.0,0.16741553698590073,2.394153720623578
6,8,2.4,-0.011717882886433393,2413652000.0,0.8208483439816049,2.25526228988618
6,9,2.4,-0.011717882886433393,2417959000.0,1.1267317506861378,2.1190742228614248
6,10,2.4,-0.011717882886433393,2477480000.0,0.4989880579626224,2.3475542417611335
6,11,2.4,-0.011717882886433393,2494978000.0,1.1267317506861378,2.1190742228614248
6,12,2.4,-0.011717882886433393,2527477800.0,0.16741553698590073,2.394153720623578
6,13,2.4,-0.011717882886433393,2551951400.0,0.16741553698590073,2.394153720623578
6,14,2.4,-0.011717882886433393,2616248300.0,0.4989880579626224,2.3475542417611335
6,15,2.4,-0.011717882886433393,2620502000.0,0.8208483439816049,2.25526228988618
6,16,2.4,-0.011717882886433393,2648801300.0,0.8208483439816049,2.25526228988618
6,17,2.4,-0.011717882886433393,2692731000.0,0.4989880579626224,2.3475542417611335
6,18,2.4,-0.011717882886433393,2721423400.0,0.8208483439816049,2.25526228988618
6,19,2.4,-0.011717882886433393,2741424000.0,0.4989880579626224,2.3475542417611335
7,0,2.4,-0.011717882886433393,1655358200.0,-1.8912258086561327,1.47758754078158
7,1,2.4,-0.011717882886433393,1679535100.0,-1.8912258086561327,1.47758754078158
7,2,2.4,-0.011717882886433393,1747552000.0,-1.1267317506861378,2.1190742228614248
7,3,2.4,-0.011717882886433393,1788875800.0,-1.1267317506861378,2.1190742228614248
7,4,2.4,-0.011717882886433393,1804133900.0,-2.0784609690826525,1.2000000000000002
7,5,2.4,-0.011717882886433393,1806013400.0,-1.4106846055019355,1.9416407864998737
7,6,2.4,-0.011717882886433393,1808132600.0,-1.6671800891015933,1.7264155208127627
7,7,2.4,-0.011717882886433393,1824461800.0,-2.0784609690826525,1.2000000000000002
7,8,2.4,-0.011717882886433393,1880108000.0,-2.0784609690826525,1.2000000000000002
7,9,2.4,-0.011717882886433393,1886016000.0,-1.6671800891015933,1.7264155208127627
7,10,2.4,-0.011717882886433393,1909903100.0,-1.4106846055019355,1.9416407864998737
7,11,2.4,-0.011717882886433393,1937203200.0,-1.8912258086561327,1.47758754078158
7,12,2.4,-0.011717882886433393,1953352700.0,-1.8912258086561327,1.47758754078158
7,13,2.4,-0.011717882886433393,2014699000.0,-1.4106846055019355,1.9416407864998737
7,14,2.4,-0.011717882886433393,2051180300.0,-1.4106846055019355,1.9416407864998737
7,15,2.4,-0.011717882886433393,2066793000.0,-1.6671800891015933,1.7264155208127627
7,16,2.4,-0.011717882886433393,2092803600.0,-1.8912258086561327,1.47758754078158
7,17,2.4,-0.011717882886433393,2098474500.0,-1.8912258086561327,1.47758754078158
7,18,2.4,-0.011717882886433393,2108941000.0,-1.6671800891015933,1.7264155208127627
7,19,2.4,-0.011717882886433393,2172420000.0,-1.6671800891015933,1.7264155208127627
8,0,2.4,-0.011717882886433393,1119020000.0,-2.0784609690826525,1.2000000000000002
8,1,2.4,-0.011717882886433393,1123884000.0,2.0784609690826525,1.2000000000000002
8,2,2.4,-0.011717882886433393,1124399100.0,1.6671800891015933,1.7264155208127627
8,3,2.4,-0.011717882886433393,1124446200.0,-1.1267317506861378,2.1190742228614248
8,4,2.4,-0.011717882886433393,1125450200.0,-1.8912258086561327,1.47758754078158
8,5,2.4,-0.011717882886433393,1129510900.0,1.6671800891015933,1.7264155208127627
8,6,2.4,-0.011717882886433393,1130982400.0,-1.8912258086561327,1.47758754078158
8,7,2.4,-0.011717882886433393,1137908700.0,-2.0784609690826525,1.2000000000000002
8,8,2.4,-0.011717882886433393,1150807000.0,-1.4106846055019355,1.9416407864998737
8,9,2.4,-0.011717882886433393,1162386400.0,1.8912258086561327,1.47758754078158
8,10,2.4,-0.011717882886433393,1162438700.0,-1.4106846055019355,1.9416407864998737
8,11,2.4,-0.011717882886433393,1170748400.0,1.8912258086561327,1.47758754078158
8,12,2.4,-0.011717882886433393,1187042300.0,-1.6671800891015933,1.7264155208127627
8,13,2.4,-0.011717882886433393,1191482400.0,2.0784609690826525,1.2000000000000002
8,14,2.4,-0.011717882886433393,1191511600.0,-1.6671800891015933,1.7264155208127627
8,15,2.4,-0.011717882886433393,1200357400.0,2.0784609690826525,1.2000000000000002
8,16,2.4,-0.011717882886433393,1207231000.0,-2.0784609690826525,1.2000000000000002
8,17,2.4,-0.011717882886433393,1207241200.0,-1.8912258086561327,1.47758754078158
8,18,2.4,-0.011717882886433393,1209186800.0,-1.8912258086561327,1.47758754078158
8,19,2.4,-0.011717882886433393,1213862400.0,-2.0784609690826525,1.2000000000000002
9,0,2.4,-0.011717882886433393,1578524700.0,0.4989880579626224,2.3475542417611335
9,1,2.4,-0.011717882886433393,1582995500.0,0.16741553698590073,2.394153720623578
9,2,2.4,-0.011717882886433393,1583464400.0,0.4989880579626224,2.3475542417611335
9,3,2.4,-0.011717882886433393,1589694500.0,-0.4989880579626224,2.3475542417611335
9,4,2.4,-0.010155498501575606,1592566000.0,1.1267317506861378,2.1190742228614248
9,5,2.4,-0.010155498501575606,1598783000.0,0.8208483439816049,2.25526228988618
9,6,2.4,-0.011717882886433393,1608882200.0,-0.4989880579626224,2.3475542417611335
9,7,2.4,-0.011717882886433393,1625129000.0,-0.16741553698590073,2.394153720623578
9,8,2.4,-0.010155498501575606,1642303500.0,0.4989880579626224,2.3475542417611335
9,9,2.4,-0.011717882886433393,1642620900.0,0.4989880579626224,2.3475542417611335
9,10,2.4,-0.011717882886433393,1652838400.0,-0.16741553698590073,2.394153720623578
9,11,2.4,-0.010155498501575606,1663555100.0,0.16741553698590073,2.394153720623578
9,12,2.4,-0.010155498501575606,1671594800.0,0.8208483439816049,2.25526228988618
9,13,2.4,-0.010155498501575606,1679129900.0,0.16741553698590073,2.394153720623578
9,14,2.4,-0.011717882886433393,1692940300.0,0.16741553698590073,2.394153720623578
9,15,2.4,-0.010155498501575606,1700017200.0,0.4989880579626224,2.3475542417611335
9,16,2.4,-0.011717882886433393,1701400600.0,0.16741553698590073,2.394153720623578
9,17,2.4,-0.011717882886433393,1703575600.0,-0.16741553698590073,2.394153720623578
9,18,2.4,-0.010155498501575606,1713727500.0,0.8208483439816049,2.25526228988618
9,19,2.4,-0.010155498501575606,1747530200.0,0.4989880579626224,2.3475542417611335
10,0,2.4,-0.011717882886433393,1576046600.0,0.16741553698590073,2.394153720623578
10,1,2.4,-0.011717882886433393,1581162500.0,-0.16741553698590073,2.394153720623578
10,2,2.4,-0.011717882886433393,1613432800.0,0.8208483439816049,2.25526228988618
10,3,2.4,-0.011717882886433393,1625160700.0,0.16741553698590073,2.394153720623578
10,4,2.4,-0.011717882886433393,1625956400.0,1.1267317506861378,2.1190742228614248
10,5,2.4,-0.011717882886433393,1627414500.0,-0.16741553698590073,2.394153720623578
10,6,2.4,-0.011717882886433393,1633071100.0,0.8208483439816049,2.25526228988618
10,7,2.4,-0.011717882886433393,1662619600.0,0.4989880579626224,2.3475542417611335
10,8,2.4,-0.011717882886433393,1672544300.0,1.1267317506861378,2.1190742228614248
10,9,2.4,-0.011717882886433393,1690510300.0,0.4989880579626224,2.3475542417611335
10,10,2.4,-0.011717882886433393,1719697400.0,1.1267317506861378,2.1190742228614248
10,11,2.4,-0.011717882886433393,1762105300.0,0.16741553698590073,2.394153720623578
10,12,2.4,-0.011717882886433393,1788674000.0,0.16741553698590073,2.394153720623578
10,13,2.4,-0.011717882886433393,1812908000.0,0.8208483439816049,2.25526228988618
10,14,2.4,-0.011717882886433393,1823543300.0,0.8208483439816049,2.25526228988618
10,15,2.4,-0.011717882886433393,1836736500.0,0.16741553698590073,2.394153720623578
10,16,2.4,-0.011717882886433393,1854992400.0,0.4989880579626224,2.3475542417611335
10,17,2.4,-0.011717882886433393,1870061600.0,0.4989880579626224,2.3475542417611335
10,18,2.4,-0.011717882886433393,1886711800.0,0.8208483439816049,2.25526228988618
10,19,2.4,-0.011717882886433393,1927825400.0,0.4989880579626224,2.3475542417611335
11,0,2.4,-0.011717882886433393,1345012700.0,-1.8912258086561327,1.47758754078158
11,1,2.4,-0.011717882886433393,1353306100.0,1.8912258086561327,1.47758754078158
11,2,2.4,-0.011717882886433393,1356679200.0,1.4106846055019355,1.9416407864998737
11,3,2.4,-0.011717882886433393,1387801600.0,-1.8912258086561327,1.47758754078158
11,4,2.4,-0.011717882886433393,1419178000.0,-2.0784609690826525,1.2000000000000002
11,5,2.4,-0.011717882886433393,1424278500.0,-1.8912258086561327,1.47758754078158
11,6,2.4,-0.011717882886433393,1433724900.0,1.8912258086561327,1.47758754078158
11,7,2.4,-0.011717882886433393,1459058700.0,-2.0784609690826525,1.2000000000000002
11,8,2.4,-0.011717882886433393,1468340200.0,1.6671800891015933,1.7264155208127627
11,9,2.4,-0.011717882886433393,1473988600.0,1.6671800891015933,1.7264155208127627
11,10,2.4,-0.011717882886433393,1490216000.0,2.0784609690826525,1.2000000000000002
11,11,2.4,-0.011717882886433393,1525961700.0,2.0784609690826525,1.2000000000000002
11,12,2.4,-0.011717882886433393,1530081300.0,1.6671800891015933,1.7264155208127627
11,13,2.4,-0.011717882886433393,1545217000.0,1.8912258086561327,1.47758754078158
11,14,2.4,-0.011717882886433393,1550880800.0,-2.0784609690826525,1.2000000000000002
11,15,2.4,-0.011717882886433393,1564885000.0,-2.0784609690826525,1.2000000000000002
11,16,2.4,-0.011717882886433393,1588736000.0,1.8912258086561327,1.47758754078158
11,17,2.4,-0.011717882886433393,1622626300.0,2.0784609690826525,1.2000000000000002
11,18,2.4,-0.011717882886433393,1627883500.0,1.8912258086561327,1.47758754078158
11,19,2.4,-0.011717882886433393,1635186700.0,2.0784609690826525,1.2000000000000002
12,0,2.4,-0.011717882886433393,4209254400.0,0.8208483439816049,2.25526228988618
12,1,2.4,-0.011717882886433393,4287631400.0,1.1267317506861378,2.1190742228614248
12,2,2.4,-0.011717882886433393,4308648000.0,1.1267317506861378,2.1190742228614248
12,3,2.4,-0.011717882886433393,4328663000.0,1.4106846055019355,1.9416407864998737
12,4,2.4,-0.011717882886433393,4407879700.0,0.16741553698590073,2.394153720623578
12,5,2.4,-0.011717882886433393,4490043400.0,1.4106846055019355,1.9416407864998737
12,6,2.4,-0.011717882886433393,4512198700.0,0.16741553698590073,2.394153720623578
12,7,2.4,-0.011717882886433393,4567260000.0,0.4989880579626224,2.3475542417611335
12,8,2.4,-0.011717882886433393,4581837000.0,1.4106846055019355,1.9416407864998737
12,9,2.4,-0.011717882886433393,4619559000.0,0.8208483439816049,2.25526228988618
12,10,2.4,-0.011717882886433393,4648278000.0,0.16741553698590073,2.394153720623578
12,11,2.4,-0.011717882886433393,4654385000.0,0.4989880579626224,2.3475542417611335
12,12,2.4,-0.011717882886433393,4821442600.0,1.1267317506861378,2.1190742228614248
12,13,2.4,-0.011717882886433393,4832819000.0,1.1267317506861378,2.1190742228614248
12,14,2.4,-0.011717882886433393,4848558000.0,0.8208483439816049,2.25526228988618
12,15,2.4,-0.011717882886433393,4975206400.0,0.4989880579626224,2.3475542417611335
12,16,2.4,-0.011717882886433393,5005803500.0,0.4989880579626224,2.3475542417611335
12,17,2.4,-0.011717882886433393,5012891600.0,1.1267317506861378,2.1190742228614248
12,18,2.4,-0.011717882886433393,5070614500.0,0.8208483439816049,2.25526228988618
12,19,2.4,-0.011717882886433393,5151033300.0,0.8208483439816049,2.25526228988618
13,0,2.4,-0.011717882886433393,1834975200.0,-1.8912258086561327,1.47758754078158
13,1,2.4,-0.011717882886433393,1836811300.0,1.8912258086561327,1.47758754078158
13,2,2.4,-0.011717882886433393,1846685700.0,1.6671800891015933,1.7264155208127627
13,3,2.4,-0.011717882886433393,1860875300.0,1.1267317506861378,2.1190742228614248
13,4,2.4,-0.011717882886433393,1862961200.0,1.4106846055019355,1.9416407864998737
13,5,2.4,-0.011717882886433393,1874485200.0,-1.6671800891015933,1.7264155208127627
13,6,2.4,-0.011717882886433393,1881797100.0,-1.6671800891015933,1.7264155208127627
13,7,2.4,-0.011717882886433393,1953803800.0,-2.0784609690826525,1.2000000000000002
13,8,2.4,-0.011717882886433393,1973244900.0,2.0784609690826525,1.2000000000000002
13,9,2.4,-0.011717882886433393,1973630000.0,1.4106846055019355,1.9416407864998737
13,10,2.4,-0.011717882886433393,1974274000.0,1.6671800891015933,1.7264155208127627
13,11,2.4,-0.011717882886433393,1997597200.0,-1.8912258086561327,1.47758754078158
13,12,2.4,-0.011717882886433393,2018498000.0,-1.8912258086561327,1.47758754078158
13,13,2.4,-0.011717882886433393,2029704700.0,-2.0784609690826525,1.2000000000000002
13,14,2.4,-0.011717882886433393,2035720400.0,2.0784609690826525,1.2000000000000002
13,15,2.4,-0.011717882886433393,2046446100.0,1.6671800891015933,1.7264155208127627
13,16,2.4,-0.011717882886433393,2068252200.0,1.8912258086561327,1.47758754078158
13,17,2.4,-0.011717882886433393,2085179400.0,1.8912258086561327,1.47758754078158
13,18,2.4,-0.011717882886433393,2109106700.0,-2.0784609690826525,1.2000000000000002
13,19,2.4,-0.011717882886433393,2132520400.0,2.0784609690826525,1.2000000000000002
14,0,2.4,-0.011717882886433393,2782189600.0,1.4106846055019355,1.9416407864998737
14,1,2.4,-0.011717882886433393,2797853700.0,0.8208483439816049,2.25526228988618
14,2,2.4,-0.011717882886433393,2799079400.0,0.16741553698590073,2.394153720623578
14,3,2.4,-0.011717882886433393,2875084800.0,1.4106846055019355,1.9416407864998737
14,4,2.4,-0.011717882886433393,2913576000.0,1.1267317506861378,2.1190742228614248
14,5,2.4,-0.011717882886433393,2915805200.0,0.4989880579626224,2.3475542417611335
14,6,2.4,-0.011717882886433393,3012554800.0,0.16741553698590073,2.394153720623578
14,7,2.4,-0.011717882886433393,3036364800.0,0.4989880579626224,2.3475542417611335
14,8,2.4,-0.011717882886433393,3073112000.0,0.16741553698590073,2.394153720623578
14,9,2.4,-0.011717882886433393,3087822800.0,1.1267317506861378,2.1190742228614248
14,10,2.4,-0.011717882886433393,3148068900.0,0.16741553698590073,2.394153720623578
14,11,2.4,-0.011717882886433393,3177107500.0,0.8208483439816049,2.25526228988618
14,12,2.4,-0.011717882886433393,3190448000.0,1.1267317506861378,2.1190742228614248
14,13,2.4,-0.011717882886433393,3204765700.0,0.8208483439816049,2.25526228988618
14,14,2.4,-0.011717882886433393,3251642400.0,1.1267317506861378,2.1190742228614248
14,15,2.4,-0.011717882886433393,3260792800.0,0.4989880579626224,2.3475542417611335
14,16,2.4,-0.011717882886433393,3326025700.0,0.4989880579626224,2.3475542417611335
14,17,2.4,-0.011717882886433393,3404832800.0,0.4989880579626224,2.3475542417611335
14,18,2.4,-0.011717882886433393,3409997800.0,0.8208483439816049,2.25526228988618
14,19,2.4,-0.011717882886433393,3419705300.0,0.8208483439816049,2.25526228988618
15,0,2.4,-0.011717882886433393,2847193000.0,0.4989880579626224,2.3475542417611335
15,1,2.4,-0.011717882886433393,2849910800.0,-0.8208483439816049,2.25526228988618
15,2,2.4,-0.011717882886433393,2913340400.0,-0.16741553698590073,2.394153720623578
15,3,2.4,-0.011717882886433393,2926534700.0,0.4989880579626224,2.3475542417611335
15,4,2.4,-0.011717882886433393,2935806000.0,0.8208483439816049,2.25526228988618
15,5,2.4,-0.011717882886433393,2946041900.0,-0.4989880579626224,2.3475542417611335
15,6,2.4,-0.011717882886433393,2959513600.0,-0.4989880579626224,2.3475542417611335
15,7,2.4,-0.011717882886433393,2959884300.0,-0.8208483439816049,2.25526228988618
15,8,2.4,-0.011717882886433393,3001610200.0,0.8208483439816049,2.25526228988618
15,9,2.4,-0.011717882886433393,3022278700.0,-0.8208483439816049,2.25526228988618
15,10,2.4,-0.011717882886433393,3136057300.0,-0.16741553698590073,2.394153720623578
15,11,2.4,-0.011717882886433393,3163011000.0,0.16741553698590073,2.394153720623578
15,12,2.4,-0.011717882886433393,3166130200.0,0.4989880579626224,2.3475542417611335
15,13,2.4,-0.011717882886433393,3194009600.0,0.4989880579626224,2.3475542417611335
15,14,2.4,-0.011717882886433393,3210092500.0,-0.4989880579626224,2.3475542417611335
15,15,2.4,-0.011717882886433393,3213351000.0,0.16741553698590073,2.394153720623578
15,16,2.4,-0.011717882886433393,3214821400.0,-0.4989880579626224,2.3475542417611335
15,17,2.4,-0.011717882886433393,3264231400.0,-0.16741553698590073,2.394153720623578
15,18,2.4,-0.011717882886433393,3336820700.0,0.16741553698590073,2.394153720623578
15,19,2.4,-0.011717882886433393,3342448600.0,-0.16741553698590073,2.394153720623578
16,0,2.4,-0.010546094597790052,2809986800.0,1.6671800891015933,1.7264155208127627
16,1,2.4,-0.010546094597790052,2823706000.0,0.16741553698590073,2.394153720623578
16,2,2.4,-0.010546094597790052,2824589600.0,0.4989880579626224,2.3475542417611335
16,3,2.4,-0.010546094597790052,2845611000.0,1.6671800891015933,1.7264155208127627
16,4,2.4,-0.010546094597790052,2847751200.0,1.4106846055019355,1.9416407864998737
16,5,2.4,-0.010546094597790052,2867623400.0,1.1267317506861378,2.1190742228614248
16,6,2.4,-0.010546094597790052,3002784300.0,1.1267317506861378,2.1190742228614248
16,7,2.4,-0.010546094597790052,3024859600.0,1.4106846055019355,1.9416407864998737
16,8,2.4,-0.010546094597790052,3089006600.0,0.4989880579626224,2.3475542417611335
16,9,2.4,-0.010546094597790052,3119967700.0,0.4989880579626224,2.3475542417611335
16,10,2.4,-0.010546094597790052,3135405800.0,0.8208483439816049,2.25526228988618
16,11,2.4,-0.010546094597790052,3146784800.0,1.4106846055019355,1.9416407864998737
16,12,2.4,-0.010546094597790052,3166609700.0,0.8208483439816049,2.25526228988618
16,13,2.4,-0.010546094597790052,3208980500.0,1.4106846055019355,1.9416407864998737
16,14,2.4,-0.010546094597790052,3212829000.0,0.4989880579626224,2.3475542417611335
16,15,2.4,-0.010546094597790052,3248566000.0,1.1267317506861378,2.1190742228614248
16,16,2.4,-0.010546094597790052,3321689600.0,1.1267317506861378,2.1190742228614248
16,17,2.4,-0.010546094597790052,3376753700.0,0.8208483439816049,2.25526228988618
16,18,2.4,-0.010546094597790052,3387696400.0,0.8208483439816049,2.25526228988618
16,19,2.4,-0.010546094597790052,3407996000.0,1.1267317506861378,2.1190742228614248
17,0,2.4,-0.010155498501575606,1963254500.0,0.8208483439816049,2.25526228988618
17,1,2.4,-0.011717882886433393,1981782000.0,-0.4989880579626224,2.3475542417611335
17,2,2.4,-0.010155498501575606,1983368300.0,0.16741553698590073,2.394153720623578
17,3,2.4,-0.011717882886433393,2019193900.0,-0.8208483439816049,2.25526228988618
17,4,2.4,-0.010155498501575606,2022014700.0,0.4989880579626224,2.3475542417611335
17,5,2.4,-0.010155498501575606,2033137900.0,0.4989880579626224,2.3475542417611335
17,6,2.4,-0.011717882886433393,2036638700.0,-1.4106846055019355,1.9416407864998737
17,7,2.4,-0.011717882886433393,2037370900.0,-1.4106846055019355,1.9416407864998737
17,8,2.4,-0.010155498501575606,2052125400.0,0.16741553698590073,2.394153720623578
17,9,2.4,-0.011717882886433393,2072684500.0,-0.4989880579626224,2.3475542417611335
17,10,2.4,-0.011717882886433393,2075823100.0,-1.1267317506861378,2.1190742228614248
17,11,2.4,-0.011717882886433393,2107027500.0,-1.1267317506861378,2.1190742228614248
17,12,2.4,-0.011717882886433393,2135260200.0,-1.4106846055019355,1.9416407864998737
17,13,2.4,-0.011717882886433393,2178353200.0,-0.4989880579626224,2.3475542417611335
17,14,2.4,-0.011717882886433393,2210293800.0,-0.4989880579626224,2.3475542417611335
17,15,2.4,-0.011717882886433393,2223495200.0,-0.8208483439816049,2.25526228988618
17,16,2.4,-0.011717882886433393,2266366000.0,-0.8208483439816049,2.25526228988618
17,17,2.4,-0.011717882886433393,2277405700.0,-1.1267317506861378,2.1190742228614248
17,18,2.4,-0.011717882886433393,2288355300.0,-1.1267317506861378,2.1190742228614248
17,19,2.4,-0.011717882886433393,2338117600.0,-0.8208483439816049,2.25526228988618
18,0,2.4,-0.011717882886433393,2724585500.0,1.4106846055019355,1.9416407864998737
18,1,2.4,-0.011717882886433393,2769033200.0,1.1267317506861378,2.1190742228614248
18,2,2.4,-0.011717882886433393,2769699800.0,1.1267317506861378,2.1190742228614248
18,3,2.4,-0.011717882886433393,2785536000.0,0.8208483439816049,2.25526228988618
18,4,2.4,-0.011717882886433393,2828107800.0,-0.16741553698590073,2.394153720623578
18,5,2.4,-0.011717882886433393,2839257000.0,0.16741553698590073,2.394153720623578
18,6,2.4,-0.011717882886433393,2892300300.0,-0.16741553698590073,2.394153720623578
18,7,2.4,-0.011717882886433393,2943062000.0,0.4989880579626224,2.3475542417611335
18,8,2.4,-0.011717882886433393,2979022800.0,-0.16741553698590073,2.394153720623578
18,9,2.4,-0.011717882886433393,3010793500.0,0.16741553698590073,2.394153720623578
18,10,2.4,-0.011717882886433393,3014330400.0,1.1267317506861378,2.1190742228614248
18,11,2.4,-0.011717882886433393,3014541300.0,1.1267317506861378,2.1190742228614248
18,12,2.4,-0.011717882886433393,3076380700.0,0.4989880579626224,2.3475542417611335
18,13,2.4,-0.011717882886433393,3091280000.0,0.8208483439816049,2.25526228988618
18,14,2.4,-0.011717882886433393,3137880000.0,0.8208483439816049,2.25526228988618
18,15,2.4,-0.011717882886433393,3144317000.0,0.16741553698590073,2.394153720623578
18,16,2.4,-0.011717882886433393,3204561000.0,0.16741553698590073,2.394153720623578
18,17,2.4,-0.011717882886433393,3243974700.0,0.4989880579626224,2.3475542417611335
18,18,2.4,-0.011717882886433393,3245224000.0,0.8208483439816049,2.25526228988618
18,19,2.4,-0.011717882886433393,3290763300.0,0.4989880579626224,2.3475542417611335
19,0,2.4,-0.00976490240536116,1433407500.0,0.16741553698590073,2.394153720623578
19,1,2.4,-0.00976490240536116,1433618000.0,0.4989880579626224,2.3475542417611335
19,2,2.4,-0.00976490240536116,1450157200.0,-0.16741553698590073,2.394153720623578
19,3,2.4,-0.00976490240536116,1465069800.0,0.4989880579626224,2.3475542417611335
19,4,2.4,-0.00976490240536116,1470155600.0,1.1267317506861378,2.1190742228614248
19,5,2.4,-0.00976490240536116,1496161700.0,0.8208483439816049,2.25526228988618
19,6,2.4,-0.00976490240536116,1514530300.0,0.16741553698590073,2.394153720623578
19,7,2.4,-0.00976490240536116,1524773000.0,0.8208483439816049,2.25526228988618
19,8,2.4,-0.00976490240536116,1533347100.0,1.1267317506861378,2.1190742228614248
19,9,2.4,-0.00976490240536116,1556187800.0,1.1267317506861378,2.1190742228614248
19,10,2.4,-0.00976490240536116,1592609300.0,0.16741553698590073,2.394153720623578
19,11,2.4,-0.00976490240536116,1631622900.0,0.4989880579626224,2.3475542417611335
19,12,2.4,-0.00976490240536116,1636469900.0,0.16741553698590073,2.394153720623578
19,13,2.4,-0.00976490240536116,1652623200.0,0.4989880579626224,2.3475542417611335
19,14,2.4,-0.00976490240536116,1659242600.0,0.8208483439816049,2.25526228988618
19,15,2.4,-0.00976490240536116,1663937000.0,0.16741553698590073,2.394153720623578
19,16,2.4,-0.00976490240536116,1674722000.0,0.8208483439816049,2.25526228988618
19,17,2.4,-0.00976490240536116,1721933000.0,0.8208483439816049,2.25526228988618
19,18,2.4,-0.00976490240536116,1742756900.0,0.4989880579626224,2.3475542417611335
19,19,2.4,-0.00976490240536116,1750111100.0,0.4989880579626224,2.3475542417611335
20,0,2.4,-0.011717882886433393,1333407700.0,0.8208483439816049,2.25526228988618
20,1,2.4,-0.00976490240536116,1341414400.0,0.4989880579626224,2.3475542417611335
20,2,2.4,-0.011717882886433393,1363677200.0,1.1267317506861378,2.1190742228614248
20,3,2.4,-0.011717882886433393,1374709800.0,1.6671800891015933,1.7264155208127627
20,4,2.4,-0.011717882886433393,1384575000.0,1.6671800891015933,1.7264155208127627
20,5,2.4,-0.011717882886433393,1389789200.0,1.4106846055019355,1.9416407864998737
20,6,2.4,-0.00976490240536116,1394055000.0,-0.4989880579626224,2.3475542417611335
20,7,2.4,-0.00976490240536116,1412212400.0,-0.16741553698590073,2.394153720623578
20,8,2.4,-0.011717882886433393,1416497200.0,1.1267317506861378,2.1190742228614248
20,9,2.4,-0.00976490240536116,1416601300.0,0.16741553698590073,2.394153720623578
20,10,2.4,-0.011717882886433393,1424613400.0,1.4106846055019355,1.9416407864998737
20,11,2.4,-0.00976490240536116,1427820300.0,-0.4989880579626224,2.3475542417611335
20,12,2.4,-0.00976490240536116,1427923600.0,0.4989880579626224,2.3475542417611335
20,13,2.4,-0.011717882886433393,1441458200.0,1.1267317506861378,2.1190742228614248
20,14,2.4,-0.011717882886433393,1461553200.0,1.4106846055019355,1.9416407864998737
20,15,2.4,-0.00976490240536116,1469185000.0,0.4989880579626224,2.3475542417611335
20,16,2.4,-0.00976490240536116,1488225700.0,-0.16741553698590073,2.394153720623578
20,17,2.4,-0.00976490240536116,1497415800.0,0.16741553698590073,2.394153720623578
20,18,2.4,-0.00976490240536116,1527767900.0,-0.16741553698590073,2.394153720623578
20,19,2.4,-0.00976490240536116,1539681300.0,0.16741553698590073,2.394153720623578
21,0,2.4,-0.011717882886433393,1059473400.0,1.4106846055019355,1.9416407864998737
21,1,2.4,-0.009374306309146714,1078386400.0,1.1267317506861378,2.1190742228614248
21,2,2.4,-0.009374306309146714,1091617000.0,-0.16741553698590073,2.394153720623578
21,3,2.4,-0.011717882886433393,1096822800.0,1.6671800891015933,1.7264155208127627
21,4,2.4,-0.009374306309146714,1104569900.0,0.8208483439816049,2.25526228988618
21,5,2.4,-0.009374306309146714,1120285700.0,0.16741553698590073,2.394153720623578
21,6,2.4,-0.009374306309146714,1126206000.0,1.1267317506861378,2.1190742228614248
21,7,2.4,-0.009374306309146714,1161592800.0,1.1267317506861378,2.1190742228614248
21,8,2.4,-0.009374306309146714,1161966500.0,0.4989880579626224,2.3475542417611335
21,9,2.4,-0.009374306309146714,1164483600.0,-0.16741553698590073,2.394153720623578
21,10,2.4,-0.009374306309146714,1176318000.0,-0.16741553698590073,2.394153720623578
21,11,2.4,-0.009374306309146714,1188305700.0,0.8208483439816049,2.25526228988618
21,12,2.4,-0.009374306309146714,1222551300.0,0.16741553698590073,2.394153720623578
21,13,2.4,-0.009374306309146714,1234738200.0,0.4989880579626224,2.3475542417611335
21,14,2.4,-0.009374306309146714,1249247000.0,0.8208483439816049,2.25526228988618
21,15,2.4,-0.009374306309146714,1259931900.0,0.16741553698590073,2.394153720623578
21,16,2.4,-0.009374306309146714,1278649300.0,0.8208483439816049,2.25526228988618
21,17,2.4,-0.009374306309146714,1295844900.0,0.16741553698590073,2.394153720623578
21,18,2.4,-0.009374306309146714,1300054900.0,0.4989880579626224,2.3475542417611335
21,19,2.4,-0.009374306309146714,1325600300.0,0.4989880579626224,2.3475542417611335
22,0,2.4,-0.011717882886433393,1960337400.0,1.4106846055019355,1.9416407864998737
22,1,2.4,-0.011717882886433393,1965293600.0,-0.16741553698590073,2.394153720623578
22,2,2.4,-0.011717882886433393,1986000900.0,1.4106846055019355,1.9416407864998737
22,3,2.4,-0.011717882886433393,1993730000.0,0.16741553698590073,2.394153720623578
22,4,2.4,-0.011717882886433393,2040262700.0,1.1267317506861378,2.1190742228614248
22,5,2.4,-0.011717882886433393,2067341300.0,0.8208483439816049,2.25526228988618
22,6,2.4,-0.011717882886433393,2128924700.0,0.8208483439816049,2.25526228988618
22,7,2.4,-0.011717882886433393,2135844900.0,1.1267317506861378,2.1190742228614248
22,8,2.4,-0.011717882886433393,2159558700.0,0.16741553698590073,2.394153720623578
22,9,2.4,-0.011717882886433393,2193789000.0,0.16741553698590073,2.394153720623578
22,10,2.4,-0.011717882886433393,2225451000.0,1.1267317506861378,2.1190742228614248
22,11,2.4,-0.011717882886433393,2228957200.0,0.4989880579626224,2.3475542417611335
22,12,2.4,-0.011717882886433393,2229653500.0,0.4989880579626224,2.3475542417611335
22,13,2.4,-0.011717882886433393,2252032000.0,0.16741553698590073,2.394153720623578
22,14,2.4,-0.011717882886433393,2259019800.0,1.1267317506861378,2.1190742228614248
22,15,2.4,-0.011717882886433393,2311012400.0,0.8208483439816049,2.25526228988618
22,16,2.4,-0.011717882886433393,2344319000.0,0.8208483439816049,2.25526228988618
22,17,2.4,-0.011717882886433393,2385129500.0,0.4989880579626224,2.3475542417611335
22,18,2.4,-0.011717882886433393,2385373200.0,0.4989880579626224,2.3475542417611335
22,19,2.4,-0.011717882886433393,2408269800.0,0.8208483439816049,2.25526228988618
23,0,2.4,-0.00976490240536116,1700889900.0,0.8208483439816049,2.25526228988618
23,1,2.4,-0.00976490240536116,1742010900.0,0.16741553698590073,2.394153720623578
23,2,2.4,-0.00976490240536116,1780102300.0,0.4989880579626224,2.3475542417611335
23,3,2.4,-0.00976490240536116,1783164400.0,1.1267317506861378,2.1190742228614248
23,4,2.4,-0.00976490240536116,1798563300.0,0.4989880579626224,2.3475542417611335
23,5,2.4,-0.00976490240536116,1802304300.0,0.16741553698590073,2.394153720623578
23,6,2.4,-0.00976490240536116,1820206000.0,1.1267317506861378,2.1190742228614248
23,7,2.4,-0.00976490240536116,1827604000.0,0.16741553698590073,2.394153720623578
23,8,2.4,-0.00976490240536116,1848772400.0,0.16741553698590073,2.394153720623578
23,9,2.4,-0.00976490240536116,1861120300.0,0.8208483439816049,2.25526228988618
23,10,2.4,-0.00976490240536116,1877163000.0,0.8208483439816049,2.25526228988618
23,11,2.4,-0.00976490240536116,1880740100.0,1.1267317506861378,2.1190742228614248
23,12,2.4,-0.00976490240536116,1893749200.0,1.1267317506861378,2.1190742228614248
23,13,2.4,-0.00976490240536116,1923166100.0,0.4989880579626224,2.3475542417611335
23,14,2.4,-0.00976490240536116,1935483600.0,0.4989880579626224,2.3475542417611335
23,15,2.4,-0.00976490240536116,1984199400.0,0.8208483439816049,2.25526228988618
23,16,2.4,-0.00976490240536116,1992847600.0,0.8208483439816049,2.25526228988618
23,17,2.4,-0.00976490240536116,2002912500.0,0.4989880579626224,2.3475542417611335
23,18,2.4,-0.00976490240536116,2007217700.0,0.4989880579626224,2.3475542417611335
23,19,2.4,-0.00976490240536116,2030456000.0,0.8208483439816049,2.25526228988618
24,0,2.4,-0.009374306309146714,1909440500.0,0.4989880579626224,2.3475542417611335
24,1,2.4,-0.009374306309146714,1938760100.0,0.16741553698590073,2.394153720623578
24,2,2.4,-0.011717882886433393,1952260100.0,0.8208483439816049,2.25526228988618
24,3,2.4,-0.011717882886433393,1962410000.0,-0.16741553698590073,2.394153720623578
24,4,2.4,-0.009374306309146714,1976835100.0,-0.16741553698590073,2.394153720623578
24,5,2.4,-0.009374306309146714,1986788900.0,-0.4989880579626224,2.3475542417611335
24,6,2.4,-0.011717882886433393,1987682300.0,0.16741553698590073,2.394153720623578
24,7,2.4,-0.011717882886433393,1994993700.0,0.16741553698590073,2.394153720623578
24,8,2.4,-0.011717882886433393,2014601200.0,0.4989880579626224,2.3475542417611335
24,9,2.4,-0.009374306309146714,2018617100.0,0.16741553698590073,2.394153720623578
24,10,2.4,-0.009374306309146714,2027795200.0,-0.4989880579626224,2.3475542417611335
24,11,2.4,-0.011717882886433393,2028697600.0,-0.16741553698590073,2.394153720623578
24,12,2.4,-0.009374306309146714,2067314700.0,-0.16741553698590073,2.394153720623578
24,13,2.4,-0.009374306309146714,2068093700.0,0.16741553698590073,2.394153720623578
24,14,2.4,-0.011717882886433393,2070974500.0,0.4989880579626224,2.3475542417611335
24,15,2.4,-0.011717882886433393,2072510500.0,-0.16741553698590073,2.394153720623578
24,16,2.4,-0.009374306309146714,2108746800.0,-0.16741553698590073,2.394153720623578
24,17,2.4,-0.011717882886433393,2116112400.0,0.4989880579626224,2.3475542417611335
24,18,2.4,-0.011717882886433393,2140368900.0,0.16741553698590073,2.394153720623578
24,19,2.4,-0.011717882886433393,2142945300.0,0.16741553698590073,2.394153720623578
25,0,2.4,-0.011717882886433393,2860012500.0,0.4989880579626224,2.3475542417611335
25,1,2.4,-0.011717882886433393,2863814700.0,0.8208483439816049,2.25526228988618
25,2,2.4,-0.011717882886433393,2920728600.0,0.8208483439816049,2.25526228988618
25,3,2.4,-0.011717882886433393,2949836800.0,-0.4989880579626224,2.3475542417611335
25,4,2.4,-0.011717882886433393,2980761600.0,0.4989880579626224,2.3475542417611335
25,5,2.4,-0.011717882886433393,2994856000.0,-0.16741553698590073,2.394153720623578
25,6,2.4,-0.011717882886433393,3078715400.0,-0.4989880579626224,2.3475542417611335
25,7,2.4,-0.011717882886433393,3119947800.0,0.8208483439816049,2.25526228988618
25,8,2.4,-0.011717882886433393,3139922000.0,0.8208483439816049,2.25526228988618
25,9,2.4,-0.011717882886433393,3142578200.0,-0.4989880579626224,2.3475542417611335
25,10,2.4,-0.011717882886433393,3144888300.0,0.16741553698590073,2.394153720623578
25,11,2.4,-0.011717882886433393,3221663700.0,-0.16741553698590073,2.394153720623578
25,12,2.4,-0.011717882886433393,3259656200.0,0.4989880579626224,2.3475542417611335
25,13,2.4,-0.011717882886433393,3274104800.0,0.16741553698590073,2.394153720623578
25,14,2.4,-0.011717882886433393,3325028400.0,0.4989880579626224,2.3475542417611335
25,15,2.4,-0.011717882886433393,3330926600.0,-0.16741553698590073,2.394153720623578
25,16,2.4,-0.011717882886433393,3410538500.0,-0.16741553698590073,2.394153720623578
25,17,2.4,-0.011717882886433393,3422965800.0,0.4989880579626224,2.3475542417611335
25,18,2.4,-0.011717882886433393,3451678700.0,0.16741553698590073,2.394153720623578
25,19,2.4,-0.011717882886433393,3497050000.0,0.16741553698590073,2.394153720623578
26,0,2.4,-0.011717882886433393,1229819900.0,0.8208483439816049,2.25526228988618
26,1,2.4,-0.009374306309146714,1267507700.0,0.4989880579626224,2.3475542417611335
26,2,2.4,-0.009374306309146714,1287316500.0,-0.16741553698590073,2.394153720623578
26,3,2.4,-0.009374306309146714,1290491600.0,-0.16741553698590073,2.394153720623578
26,4,2.4,-0.009374306309146714,1306853600.0,0.4989880579626224,2.3475542417611335
26,5,2.4,-0.009374306309146714,1312373000.0,1.1267317506861378,2.1190742228614248
26,6,2.4,-0.009374306309146714,1336166900.0,0.8208483439816049,2.25526228988618
26,7,2.4,-0.009374306309146714,1337641000.0,0.16741553698590073,2.394153720623578
26,8,2.4,-0.009374306309146714,1342065200.0,-0.16741553698590073,2.394153720623578
26,9,2.4,-0.009374306309146714,1348549100.0,1.1267317506861378,2.1190742228614248
26,10,2.4,-0.009374306309146714,1355745800.0,0.16741553698590073,2.394153720623578
26,11,2.4,-0.009374306309146714,1378700300.0,0.8208483439816049,2.25526228988618
26,12,2.4,-0.009374306309146714,1395371500.0,1.1267317506861378,2.1190742228614248
26,13,2.4,-0.009374306309146714,1458501600.0,0.4989880579626224,2.3475542417611335
26,14,2.4,-0.009374306309146714,1460568000.0,0.16741553698590073,2.394153720623578
26,15,2.4,-0.009374306309146714,1466919700.0,0.16741553698590073,2.394153720623578
26,16,2.4,-0.009374306309146714,1478771200.0,0.8208483439816049,2.25526228988618
26,17,2.4,-0.009374306309146714,1479786000.0,0.4989880579626224,2.3475542417611335
26,18,2.4,-0.009374306309146714,1493702700.0,0.8208483439816049,2.25526228988618
26,19,2.4,-0.009374306309146714,1533034800.0,0.4989880579626224,2.3475542417611335
27,0,2.4,-0.009374306309146714,1515665400.0,1.4106846055019355,1.9416407864998737
27,1,2.4,-0.009374306309146714,1539703800.0,0.4989880579626224,2.3475542417611335
27,2,2.4,-0.009374306309146714,1542714400.0,0.16741553698590073,2.394153720623578
27,3,2.4,-0.009374306309146714,1562389500.0,1.4106846055019355,1.9416407864998737
27,4,2.4,-0.009374306309146714,1614612500.0,0.8208483439816049,2.25526228988618
27,5,2.4,-0.009374306309146714,1629204500.0,0.16741553698590073,2.394153720623578
27,6,2.4,-0.009374306309146714,1633554400.0,1.1267317506861378,2.1190742228614248
27,7,2.4,-0.009374306309146714,1638208000.0,1.1267317506861378,2.1190742228614248
27,8,2.4,-0.009374306309146714,1651428600.0,0.8208483439816049,2.25526228988618
27,9,2.4,-0.009374306309146714,1679648300.0,0.16741553698590073,2.394153720623578
27,10,2.4,-0.009374306309146714,1686545400.0,0.4989880579626224,2.3475542417611335
27,11,2.4,-0.009374306309146714,1710022100.0,0.16741553698590073,2.394153720623578
27,12,2.4,-0.009374306309146714,1738636800.0,0.4989880579626224,2.3475542417611335
27,13,2.4,-0.009374306309146714,1747641300.0,1.1267317506861378,2.1190742228614248
27,14,2.4,-0.009374306309146714,1749287400.0,1.1267317506861378,2.1190742228614248
27,15,2.4,-0.009374306309146714,1791252500.0,0.8208483439816049,2.25526228988618
27,16,2.4,-0.009374306309146714,1811175400.0,0.8208483439816049,2.25526228988618
27,17,2.4,-0.009374306309146714,1818107400.0,0.4989880579626224,2.3475542417611335
27,18,2.4,-0.009374306309146714,1836388900.0,0.4989880579626224,2.3475542417611335
27,19,2.4,-0.009374306309146714,1860257300.0,0.8208483439816049,2.25526228988618
28,0,2.4,-0.009374306309146714,3894751700.0,0.16741553698590073,2.394153720623578
28,1,2.4,-0.009374306309146714,3905532700.0,0.8208483439816049,2.25526228988618
28,2,2.4,-0.009374306309146714,3917522200.0,-0.4989880579626224,2.3475542417611335
28,3,2.4,-0.009374306309146714,4017048600.0,-0.4989880579626224,2.3475542417611335
28,4,2.4,-0.009374306309146714,4064359700.0,-0.16741553698590073,2.394153720623578
28,5,2.4,-0.009374306309146714,4095484200.0,0.8208483439816049,2.25526228988618
28,6,2.4,-0.009374306309146714,4119488500.0,-0.4989880579626224,2.3475542417611335
28,7,2.4,-0.009374306309146714,4134050600.0,0.4989880579626224,2.3475542417611335
28,8,2.4,-0.009374306309146714,4197833000.0,0.16741553698590073,2.394153720623578
28,9,2.4,-0.009374306309146714,4259414500.0,-0.16741553698590073,2.394153720623578
28,10,2.4,-0.009374306309146714,4299042300.0,0.8208483439816049,2.25526228988618
28,11,2.4,-0.009374306309146714,4365734000.0,0.8208483439816049,2.25526228988618
28,12,2.4,-0.009374306309146714,4406100000.0,0.4989880579626224,2.3475542417611335
28,13,2.4,-0.009374306309146714,4453385000.0,-0.16741553698590073,2.394153720623578
28,14,2.4,-0.009374306309146714,4458495500.0,0.16741553698590073,2.394153720623578
28,15,2.4,-0.009374306309146714,4521874000.0,-0.16741553698590073,2.394153720623578
28,16,2.4,-0.009374306309146714,4564326400.0,0.4989880579626224,2.3475542417611335
28,17,2.4,-0.009374306309146714,4622527500.0,0.16741553698590073,2.394153720623578
28,18,2.4,-0.009374306309146714,4659862500.0,0.4989880579626224,2.3475542417611335
28,19,2.4,-0.009374306309146714,4714057000.0,0.16741553698590073,2.394153720623578
29,0,2.4,-0.010546094597790052,1738674700.0,-0.16741553698590073,2.394153720623578
29,1,2.4,-0.010546094597790052,1738772000.0,0.4989880579626224,2.3475542417611335
29,2,2.4,-0.010546094597790052,1741662700.0,0.4989880579626224,2.3475542417611335
29,3,2.4,-0.00976490240536116,1754490400.0,-0.16741553698590073,2.394153720623578
29,4,2.4,-0.011717882886433393,1763551200.0,0.16741553698590073,2.394153720623578
29,5,2.4,-0.010546094597790052,1764862000.0,1.1267317506861378,2.1190742228614248
29,6,2.4,-0.010546094597790052,1775219000.0,1.1267317506861378,2.1190742228614248
29,7,2.4,-0.011717882886433393,1776683000.0,0.16741553698590073,2.394153720623578
29,8,2.4,-0.00976490240536116,1782103700.0,0.4989880579626224,2.3475542417611335
29,9,2.4,-0.011717882886433393,1787142100.0,-0.16741553698590073,2.394153720623578
29,10,2.4,-0.010546094597790052,1796333600.0,0.16741553698590073,2.394153720623578
29,11,2.4,-0.00976490240536116,1797738900.0,0.16741553698590073,2.394153720623578
29,12,2.4,-0.010546094597790052,1803818500.0,0.16741553698590073,2.394153720623578
29,13,2.4,-0.00976490240536116,1804689700.0,0.16741553698590073,2.394153720623578
29,14,2.4,-0.010546094597790052,1817333200.0,0.8208483439816049,2.25526228988618
29,15,2.4,-0.010546094597790052,1828696800.0,0.8208483439816049,2.25526228988618
29,16,2.4,-0.010546094597790052,1893397500.0,0.16741553698590073,2.394153720623578
29,17,2.4,-0.010546094597790052,1913968600.0,0.8208483439816049,2.25526228988618
29,18,2.4,-0.010546094597790052,1923993100.0,0.4989880579626224,2.3475542417611335
29,19,2.4,-0.010546094597790052,1925008100.0,0.4989880579626224,2.3475542417611335
30,0,2.55,-0.010155498501575606,12634352000.0,0.8721513654804551,2.3962161830040665
30,1,2.55,-0.010155498501575606,12664177000.0,-0.8721513654804551,2.3962161830040665
30,2,2.55,-0.010155498501575606,12666508000.0,-0.17787900804751952,2.5437883281625515
30,3,2.55,-0.010155498501575606,12720969000.0,0.17787900804751952,2.5437883281625515
30,4,2.55,-0.010155498501575606,12732178000.0,-0.5301748115852862,2.494276381871204
30,5,2.55,-0.010155498501575606,12773711000.0,0.5301748115852862,2.494276381871204
30,6,2.55,-0.010155498501575606,12789723000.0,0.5301748115852862,2.494276381871204
30,7,2.55,-0.010155498501575606,12838488000.0,-0.5301748115852862,2.494276381871204
30,8,2.55,-0.010155498501575606,12923015000.0,0.8721513654804551,2.3962161830040665
30,9,2.55,-0.010155498501575606,12924001000.0,-0.8721513654804551,2.3962161830040665
30,10,2.55,-0.010155498501575606,13728934000.0,0.17787900804751952,2.5437883281625515
30,11,2.55,-0.010155498501575606,13767638000.0,-0.17787900804751952,2.5437883281625515
30,12,2.55,-0.010155498501575606,13801604000.0,-0.5301748115852862,2.494276381871204
30,13,2.55,-0.010155498501575606,13813386000.0,0.5301748115852862,2.494276381871204
30,14,2.55,-0.010155498501575606,13819013000.0,0.5301748115852862,2.494276381871204
30,15,2.55,-0.010155498501575606,13838935000.0,-0.5301748115852862,2.494276381871204
30,16,2.55,-0.010155498501575606,14084257000.0,-0.17787900804751952,2.5437883281625515
30,17,2.55,-0.010155498501575606,14109978000.0,0.17787900804751952,2.5437883281625515
30,18,2.55,-0.010155498501575606,14463931000.0,0.17787900804751952,2.5437883281625515
30,19,2.55,-0.010155498501575606,14470928000.0,-0.17787900804751952,2.5437883281625515
31,0,2.55,-0.010155498501575606,12231809000.0,0.8721513654804551,2.3962161830040665
31,1,2.55,-0.010155498501575606,12336015000.0,-0.8721513654804551,2.3962161830040665
31,2,2.55,-0.010155498501575606,12393633000.0,-0.17787900804751952,2.5437883281625515
31,3,2.55,-0.010155498501575606,12408441000.0,0.17787900804751952,2.5437883281625515
31,4,2.55,-0.010155498501575606,12424837000.0,0.5301748115852862,2.494276381871204
31,5,2.55,-0.010155498501575606,12466034000.0,0.5301748115852862,2.494276381871204
31,6,2.55,-0.010155498501575606,12496400000.0,-0.5301748115852862,2.494276381871204
31,7,2.55,-0.010155498501575606,12498518000.0,-0.5301748115852862,2.494276381871204
31,8,2.55,-0.010155498501575606,12559759000.0,0.8721513654804551,2.3962161830040665
31,9,2.55,-0.010155498501575606,12659912000.0,-0.8721513654804551,2.3962161830040665
31,10,2.55,-0.010155498501575606,13433463000.0,0.17787900804751952,2.5437883281625515
31,11,2.55,-0.010155498501575606,13473119000.0,-0.17787900804751952,2.5437883281625515
31,12,2.55,-0.010155498501575606,13491806000.0,0.5301748115852862,2.494276381871204
31,13,2.55,-0.010155498501575606,13506267000.0,0.5301748115852862,2.494276381871204
31,14,2.55,-0.010155498501575606,13560682000.0,-0.5301748115852862,2.494276381871204
31,15,2.55,-0.010155498501575606,13561428000.0,-0.5301748115852862,2.494276381871204
31,16,2.55,-0.010155498501575606,13826996000.0,0.17787900804751952,2.5437883281625515
31,17,2.55,-0.010155498501575606,13832317000.0,-0.17787900804751952,2.5437883281625515
31,18,2.55,-0.010155498501575606,14186939000.0,0.17787900804751952,2.5437883281625515
31,19,2.55,-0.010155498501575606,14211388000.0,-0.17787900804751952,2.5437883281625515
32,0,2.4,-0.009374306309146714,4016573700.0,1.4106846055019355,1.9416407864998737
32,1,2.4,-0.009374306309146714,4028219000.0,0.8208483439816049,2.25526228988618
32,2,2.4,-0.009374306309146714,4102884000.0,1.1267317506861378,2.1190742228614248
32,3,2.4,-0.009374306309146714,4109659000.0,1.4106846055019355,1.9416407864998737
32,4,2.4,-0.009374306309146714,4154377200.0,0.16741553698590073,2.394153720623578
32,5,2.4,-0.009374306309146714,4160690000.0,0.4989880579626224,2.3475542417611335
32,6,2.4,-0.009374306309146714,4219393000.0,0.16741553698590073,2.394153720623578
32,7,2.4,-0.009374306309146714,4318791000.0,0.4989880579626224,2.3475542417611335
32,8,2.4,-0.009374306309146714,4385542000.0,1.1267317506861378,2.1190742228614248
32,9,2.4,-0.009374306309146714,4436147000.0,0.8208483439816049,2.25526228988618
32,10,2.4,-0.009374306309146714,4466167000.0,0.16741553698590073,2.394153720623578
32,11,2.4,-0.009374306309146714,4488998400.0,0.16741553698590073,2.394153720623578
32,12,2.4,-0.009374306309146714,4541361700.0,1.1267317506861378,2.1190742228614248
32,13,2.4,-0.009374306309146714,4614793700.0,0.8208483439816049,2.25526228988618
32,14,2.4,-0.009374306309146714,4640616400.0,1.1267317506861378,2.1190742228614248
32,15,2.4,-0.009374306309146714,4664825000.0,0.4989880579626224,2.3475542417611335
32,16,2.4,-0.009374306309146714,4750386000.0,0.4989880579626224,2.3475542417611335
32,17,2.4,-0.009374306309146714,4835562000.0,0.8208483439816049,2.25526228988618
32,18,2.4,-0.009374306309146714,4871899000.0,0.4989880579626224,2.3475542417611335
32,19,2.4,-0.009374306309146714,4898294000.0,0.8208483439816049,2.25526228988618
33,0,2.4,-0.010155498501575606,23416558000.0,-0.8208483439816049,2.25526228988618
33,1,2.4,-0.010155498501575606,23563117000.0,0.4989880579626224,2.3475542417611335
33,2,2.4,-0.010155498501575606,23905898000.0,0.4989880579626224,2.3475542417611335
33,3,2.4,-0.010155498501575606,24088728000.0,-0.16741553698590073,2.394153720623578
33,4,2.4,-0.010155498501575606,24260643000.0,-0.16741553698590073,2.394153720623578
33,5,2.4,-0.010155498501575606,24484290000.0,-0.4989880579626224,2.3475542417611335
33,6,2.4,-0.010155498501575606,24643772000.0,0.16741553698590073,2.394153720623578
33,7,2.4,-0.010155498501575606,24750930000.0,-0.8208483439816049,2.25526228988618
33,8,2.4,-0.010155498501575606,24937908000.0,-0.8208483439816049,2.25526228988618
33,9,2.4,-0.010155498501575606,25402997000.0,-0.4989880579626224,2.3475542417611335
33,10,2.4,-0.010155498501575606,25412178000.0,0.4989880579626224,2.3475542417611335
33,11,2.4,-0.010155498501575606,25532543000.0,0.4989880579626224,2.3475542417611335
33,12,2.4,-0.010155498501575606,25827484000.0,0.16741553698590073,2.394153720623578
33,13,2.4,-0.010155498501575606,26571522000.0,-0.4989880579626224,2.3475542417611335
33,14,2.4,-0.010155498501575606,26790838000.0,-0.16741553698590073,2.394153720623578
33,15,2.4,-0.010155498501575606,26836349000.0,0.16741553698590073,2.394153720623578
33,16,2.4,-0.010155498501575606,26883895000.0,-0.16741553698590073,2.394153720623578
33,17,2.4,-0.010155498501575606,26894117000.0,-0.4989880579626224,2.3475542417611335
33,18,2.4,-0.010155498501575606,27251995000.0,0.16741553698590073,2.394153720623578
33,19,2.4,-0.010155498501575606,27772381000.0,-0.16741553698590073,2.394153720623578
34,0,2.4,-0.010155498501575606,10889980000.0,0.16741553698590073,2.394153720623578
34,1,2.4,-0.010155498501575606,11097319000.0,-0.4989880579626224,2.3475542417611335
34,2,2.4,-0.010155498501575606,11190734000.0,0.8208483439816049,2.25526228988618
34,3,2.4,-0.010155498501575606,11192967000.0,0.16741553698590073,2.394153720623578
34,4,2.4,-0.010155498501575606,11347839000.0,-0.4989880579626224,2.3475542417611335
34,5,2.4,-0.010155498501575606,11398860000.0,1.1267317506861378,2.1190742228614248
34,6,2.4,-0.010155498501575606,11412421000.0,0.4989880579626224,2.3475542417611335
34,7,2.4,-0.010155498501575606,11432492000.0,0.8208483439816049,2.25526228988618
34,8,2.4,-0.010155498501575606,11436657000.0,1.1267317506861378,2.1190742228614248
34,9,2.4,-0.010155498501575606,11649454000.0,-0.16741553698590073,2.394153720623578
34,10,2.4,-0.010155498501575606,11718527000.0,-0.16741553698590073,2.394153720623578
34,11,2.4,-0.010155498501575606,11899914000.0,0.4989880579626224,2.3475542417611335
34,12,2.4,-0.010155498501575606,12000309000.0,0.16741553698590073,2.394153720623578
34,13,2.4,-0.010155498501575606,12028686000.0,0.8208483439816049,2.25526228988618
34,14,2.4,-0.010155498501575606,12054249000.0,-0.16741553698590073,2.394153720623578
34,15,2.4,-0.010155498501575606,12113590000.0,0.8208483439816049,2.25526228988618
34,16,2.4,-0.010155498501575606,12164313000.0,0.16741553698590073,2.394153720623578
34,17,2.4,-0.010155498501575606,12297486000.0,0.4989880579626224,2.3475542417611335
34,18,2.4,-0.010155498501575606,12447826000.0,0.16741553698590073,2.394153720623578
34,19,2.4,-0.010155498501575606,12468675000.0,0.4989880579626224,2.3475542417611335
35,0,2.4,-0.010155498501575606,22615017000.0,-0.16741553698590073,2.394153720623578
35,1,2.4,-0.010155498501575606,22984606000.0,0.4989880579626224,2.3475542417611335
35,2,2.4,-0.010155498501575606,23023143000.0,-0.4989880579626224,2.3475542417611335
35,3,2.4,-0.010155498501575606,23069764000.0,0.8208483439816049,2.25526228988618
35,4,2.4,-0.010155498501575606,23404835000.0,1.1267317506861378,2.1190742228614248
35,5,2.4,-0.010155498501575606,23418198000.0,1.1267317506861378,2.1190742228614248
35,6,2.4,-0.010155498501575606,23932674000.0,0.4989880579626224,2.3475542417611335
35,7,2.4,-0.010155498501575606,24276955000.0,-0.16741553698590073,2.394153720623578
35,8,2.4,-0.010155498501575606,24705026000.0,0.8208483439816049,2.25526228988618
35,9,2.4,-0.010155498501575606,24837650000.0,0.16741553698590073,2.394153720623578
35,10,2.4,-0.010155498501575606,25011760000.0,0.16741553698590073,2.394153720623578
35,11,2.4,-0.010155498501575606,25025284000.0,-0.16741553698590073,2.394153720623578
35,12,2.4,-0.010155498501575606,25446440000.0,0.8208483439816049,2.25526228988618
35,13,2.4,-0.010155498501575606,25608905000.0,-0.16741553698590073,2.394153720623578
35,14,2.4,-0.010155498501575606,26006040000.0,0.4989880579626224,2.3475542417611335
35,15,2.4,-0.010155498501575606,26020667000.0,0.8208483439816049,2.25526228988618
35,16,2.4,-0.010155498501575606,26519134000.0,0.4989880579626224,2.3475542417611335
35,17,2.4,-0.010155498501575606,26836480000.0,0.16741553698590073,2.394153720623578
35,18,2.4,-0.010155498501575606,26897662000.0,0.16741553698590073,2.394153720623578
35,19,2.4,-0.010155498501575606,27247167000.0,0.4989880579626224,2.3475542417611335
36,0,2.4,-0.00976490240536116,11349987000.0,0.16741553698590073,2.394153720623578
36,1,2.4,-0.00976490240536116,11401932000.0,0.8208483439816049,2.25526228988618
36,2,2.4,-0.00976490240536116,11447191000.0,1.1267317506861378,2.1190742228614248
36,3,2.4,-0.00976490240536116,11514270000.0,-0.4989880579626224,2.3475542417611335
36,4,2.4,-0.00976490240536116,11652561000.0,-0.16741553698590073,2.394153720623578
36,5,2.4,-0.00976490240536116,11741053000.0,-0.4989880579626224,2.3475542417611335
36,6,2.4,-0.00976490240536116,12144627000.0,0.8208483439816049,2.25526228988618
36,7,2.4,-0.00976490240536116,12179203000.0,0.4989880579626224,2.3475542417611335
36,8,2.4,-0.00976490240536116,12188823000.0,0.16741553698590073,2.394153720623578
36,9,2.4,-0.00976490240536116,12295779000.0,-0.16741553698590073,2.394153720623578
36,10,2.4,-0.00976490240536116,12568391000.0,0.8208483439816049,2.25526228988618
36,11,2.4,-0.00976490240536116,12786499000.0,-0.16741553698590073,2.394153720623578
36,12,2.4,-0.00976490240536116,12828839000.0,0.4989880579626224,2.3475542417611335
36,13,2.4,-0.00976490240536116,12829235000.0,0.8208483439816049,2.25526228988618
36,14,2.4,-0.00976490240536116,12940294000.0,0.16741553698590073,2.394153720623578
36,15,2.4,-0.00976490240536116,13012388000.0,-0.16741553698590073,2.394153720623578
36,16,2.4,-0.00976490240536116,13353505000.0,0.4989880579626224,2.3475542417611335
36,17,2.4,-0.00976490240536116,13394326000.0,0.16741553698590073,2.394153720623578
36,18,2.4,-0.00976490240536116,13581650000.0,0.4989880579626224,2.3475542417611335
36,19,2.4,-0.00976490240536116,13658179000.0,0.16741553698590073,2.394153720623578
37,0,2.4,-0.010155498501575606,12929539000.0,1.1267317506861378,2.1190742228614248
37,1,2.4,-0.010155498501575606,13986800000.0,-0.4989880579626224,2.3475542417611335
37,2,2.4,-0.010155498501575606,13994748000.0,-0.4989880579626224,2.3475542417611335
37,3,2.4,-0.010155498501575606,14312245000.0,0.16741553698590073,2.394153720623578
37,4,2.4,-0.010155498501575606,14337954000.0,0.16741553698590073,2.394153720623578
37,5,2.4,-0.010155498501575606,14468622000.0,0.8208483439816049,2.25526228988618
37,6,2.4,-0.010155498501575606,14486355000.0,0.8208483439816049,2.25526228988618
37,7,2.4,-0.010155498501575606,14526831000.0,-0.4989880579626224,2.3475542417611335
37,8,2.4,-0.010155498501575606,14770006000.0,-0.16741553698590073,2.394153720623578
37,9,2.4,-0.010155498501575606,14786191000.0,-0.16741553698590073,2.394153720623578
37,10,2.4,-0.010155498501575606,14957521000.0,0.4989880579626224,2.3475542417611335
37,11,2.4,-0.010155498501575606,14980940000.0,0.4989880579626224,2.3475542417611335
37,12,2.4,-0.010155498501575606,15085814000.0,0.8208483439816049,2.25526228988618
37,13,2.4,-0.010155498501575606,15930665000.0,-0.16741553698590073,2.394153720623578
37,14,2.4,-0.010155498501575606,15936367000.0,-0.16741553698590073,2.394153720623578
37,15,2.4,-0.010155498501575606,16081891000.0,0.16741553698590073,2.394153720623578
37,16,2.4,-0.010155498501575606,16095803000.0,0.16741553698590073,2.394153720623578
37,17,2.4,-0.010155498501575606,16192778000.0,0.4989880579626224,2.3475542417611335
37,18,2.4,-0.010155498501575606,16201019000.0,0.4989880579626224,2.3475542417611335
37,19,2.4,-0.010155498501575606,16708180000.0,0.16741553698590073,2.394153720623578
38,0,2.4,-0.00976490240536116,4912241700.0,1.1267317506861378,2.1190742228614248
38,1,2.4,-0.00976490240536116,4964218400.0,0.8208483439816049,2.25526228988618
38,2,2.4,-0.00976490240536116,4964333600.0,0.16741553698590073,2.394153720623578
38,3,2.4,-0.00976490240536116,5090003000.0,0.8208483439816049,2.25526228988618
38,4,2.4,-0.00976490240536116,5202381000.0,1.1267317506861378,2.1190742228614248
38,5,2.4,-0.00976490240536116,5250803700.0,-0.16741553698590073,2.394153720623578
38,6,2.4,-0.00976490240536116,5311211000.0,1.1267317506861378,2.1190742228614248
38,7,2.4,-0.00976490240536116,5363195000.0,-0.16741553698590073,2.394153720623578
38,8,2.4,-0.00976490240536116,5379777500.0,0.16741553698590073,2.394153720623578
38,9,2.4,-0.00976490240536116,5547345000.0,-0.16741553698590073,2.394153720623578
38,10,2.4,-0.00976490240536116,5696004000.0,0.4989880579626224,2.3475542417611335
38,11,2.4,-0.00976490240536116,5749795300.0,0.8208483439816049,2.25526228988618
38,12,2.4,-0.00976490240536116,5791924000.0,0.16741553698590073,2.394153720623578
38,13,2.4,-0.00976490240536116,5812058600.0,0.4989880579626224,2.3475542417611335
38,14,2.4,-0.00976490240536116,5817808000.0,0.8208483439816049,2.25526228988618
38,15,2.4,-0.00976490240536116,6016764000.0,0.16741553698590073,2.394153720623578
38,16,2.4,-0.00976490240536116,6049468000.0,0.8208483439816049,2.25526228988618
38,17,2.4,-0.00976490240536116,6161534000.0,0.16741553698590073,2.394153720623578
38,18,2.4,-0.00976490240536116,6256538600.0,0.4989880579626224,2.3475542417611335
38,19,2.4,-0.00976490240536116,6297236000.0,0.4989880579626224,2.3475542417611335
39,0,2.4,-0.00976490240536116,10405403000.0,0.4989880579626224,2.3475542417611335
39,1,2.4,-0.00976490240536116,10518429000.0,-0.4989880579626224,2.3475542417611335
39,2,2.4,-0.00976490240536116,10641969000.0,-0.8208483439816049,2.25526228988618
39,3,2.4,-0.00976490240536116,10891441000.0,0.8208483439816049,2.25526228988618
39,4,2.4,-0.00976490240536116,10900625000.0,-0.16741553698590073,2.394153720623578
39,5,2.4,-0.00976490240536116,10905179000.0,-0.8208483439816049,2.25526228988618
39,6,2.4,-0.00976490240536116,11080252000.0,0.16741553698590073,2.394153720623578
39,7,2.4,-0.00976490240536116,11082099000.0,0.8208483439816049,2.25526228988618
39,8,2.4,-0.00976490240536116,11180050000.0,-0.4989880579626224,2.3475542417611335
39,9,2.4,-0.00976490240536116,11376352000.0,0.4989880579626224,2.3475542417611335
39,10,2.4,-0.00976490240536116,11732166000.0,0.16741553698590073,2.394153720623578
39,11,2.4,-0.00976490240536116,11770267000.0,-0.4989880579626224,2.3475542417611335
39,12,2.4,-0.00976490240536116,11795890000.0,0.4989880579626224,2.3475542417611335
39,13,2.4,-0.00976490240536116,11831726000.0,-0.16741553698590073,2.394153720623578
39,14,2.4,-0.00976490240536116,12002599000.0,-0.4989880579626224,2.3475542417611335
39,15,2.4,-0.00976490240536116,12136789000.0,0.4989880579626224,2.3475542417611335
39,16,2.4,-0.00976490240536116,12292973000.0,-0.16741553698590073,2.394153720623578
39,17,2.4,-0.00976490240536116,12400050000.0,0.16741553698590073,2.394153720623578
39,18,2.4,-0.00976490240536116,12619965000.0,-0.16741553698590073,2.394153720623578
39,19,2.4,-0.00976490240536116,12628947000.0,0.16741553698590073,2.394153720623578
40,0,2.4,-0.010155498501575606,10059382000.0,-0.4989880579626224,2.3475542417611335
40,1,2.4,-0.010155498501575606,10269966000.0,-0.4989880579626224,2.3475542417611335
40,2,2.4,-0.010155498501575606,10294757000.0,0.8208483439816049,2.25526228988618
40,3,2.4,-0.010155498501575606,10669515000.0,0.16741553698590073,2.394153720623578
40,4,2.4,-0.010155498501575606,10708642000.0,0.8208483439816049,2.25526228988618
40,5,2.4,-0.010155498501575606,10815252000.0,-0.16741553698590073,2.394153720623578
40,6,2.4,-0.010155498501575606,10821440000.0,0.16741553698590073,2.394153720623578
40,7,2.4,-0.010155498501575606,10835759000.0,-0.4989880579626224,2.3475542417611335
40,8,2.4,-0.010155498501575606,10854136000.0,0.8208483439816049,2.25526228988618
40,9,2.4,-0.010155498501575606,10909061000.0,0.4989880579626224,2.3475542417611335
40,10,2.4,-0.010155498501575606,10909702000.0,-0.4989880579626224,2.3475542417611335
40,11,2.4,-0.010155498501575606,11154523000.0,0.4989880579626224,2.3475542417611335
40,12,2.4,-0.010155498501575606,11294834000.0,-0.16741553698590073,2.394153720623578
40,13,2.4,-0.010155498501575606,11711531000.0,-0.16741553698590073,2.394153720623578
40,14,2.4,-0.010155498501575606,11724943000.0,0.4989880579626224,2.3475542417611335
40,15,2.4,-0.010155498501575606,11797510000.0,0.16741553698590073,2.394153720623578
40,16,2.4,-0.010155498501575606,11811164000.0,0.4989880579626224,2.3475542417611335
40,17,2.4,-0.010155498501575606,11879700000.0,0.16741553698590073,2.394153720623578
40,18,2.4,-0.010155498501575606,11879963000.0,-0.16741553698590073,2.394153720623578
40,19,2.4,-0.010155498501575606,12222429000.0,0.16741553698590073,2.394153720623578
41,0,2.4,-0.011717882886433393,6662535000.0,-0.8208483439816049,2.25526228988618
41,1,2.4,-0.010155498501575606,6707759000.0,0.8208483439816049,2.25526228988618
41,2,2.4,-0.011717882886433393,6718591000.0,-0.4989880579626224,2.3475542417611335
41,3,2.4,-0.010155498501575606,6782222300.0,-0.4989880579626224,2.3475542417611335
41,4,2.4,-0.010155498501575606,6782896000.0,0.16741553698590073,2.394153720623578
41,5,2.4,-0.010155498501575606,6812600300.0,-0.4989880579626224,2.3475542417611335
41,6,2.4,-0.011717882886433393,6836242400.0,-0.8208483439816049,2.25526228988618
41,7,2.4,-0.010155498501575606,6851986400.0,0.4989880579626224,2.3475542417611335
41,8,2.4,-0.010155498501575606,6876446700.0,0.8208483439816049,2.25526228988618
41,9,2.4,-0.010155498501575606,6996538400.0,-0.16741553698590073,2.394153720623578
41,10,2.4,-0.010155498501575606,7013927000.0,0.4989880579626224,2.3475542417611335
41,11,2.4,-0.010155498501575606,7023029000.0,-0.16741553698590073,2.394153720623578
41,12,2.4,-0.010155498501575606,7055411000.0,-0.4989880579626224,2.3475542417611335
41,13,2.4,-0.010155498501575606,7421762600.0,0.4989880579626224,2.3475542417611335
41,14,2.4,-0.010155498501575606,7463933000.0,0.16741553698590073,2.394153720623578
41,15,2.4,-0.010155498501575606,7478622000.0,0.4989880579626224,2.3475542417611335
41,16,2.4,-0.010155498501575606,7530092500.0,0.16741553698590073,2.394153720623578
41,17,2.4,-0.010155498501575606,7535362000.0,-0.16741553698590073,2.394153720623578
41,18,2.4,-0.010155498501575606,7544669000.0,-0.16741553698590073,2.394153720623578
41,19,2.4,-0.010155498501575606,7769224000.0,0.16741553698590073,2.394153720623578
42,0,2.4,-0.010155498501575606,5589026300.0,0.16741553698590073,2.394153720623578
42,1,2.4,-0.010155498501575606,5691308000.0,-0.16741553698590073,2.394153720623578
42,2,2.4,-0.010155498501575606,5713621500.0,-1.1267317506861378,2.1190742228614248
42,3,2.4,-0.010155498501575606,5744060400.0,-0.4989880579626224,2.3475542417611335
42,4,2.4,-0.010155498501575606,5785938400.0,-1.1267317506861378,2.1190742228614248
42,5,2.4,-0.010155498501575606,5824996400.0,-0.8208483439816049,2.25526228988618
42,6,2.4,-0.010155498501575606,5898451000.0,0.16741553698590073,2.394153720623578
42,7,2.4,-0.010155498501575606,6073060400.0,-0.16741553698590073,2.394153720623578
42,8,2.4,-0.010155498501575606,6080833500.0,0.16741553698590073,2.394153720623578
42,9,2.4,-0.010155498501575606,6183903000.0,-0.4989880579626224,2.3475542417611335
42,10,2.4,-0.010155498501575606,6189511700.0,0.16741553698590073,2.394153720623578
42,11,2.4,-0.010155498501575606,6191748600.0,-0.8208483439816049,2.25526228988618
42,12,2.4,-0.010155498501575606,6361997000.0,-0.8208483439816049,2.25526228988618
42,13,2.4,-0.010155498501575606,6384209400.0,-0.16741553698590073,2.394153720623578
42,14,2.4,-0.010155498501575606,6462829600.0,-0.4989880579626224,2.3475542417611335
42,15,2.4,-0.010155498501575606,6490798600.0,-0.8208483439816049,2.25526228988618
42,16,2.4,-0.010155498501575606,6590835700.0,-0.16741553698590073,2.394153720623578
42,17,2.4,-0.010155498501575606,6700110000.0,-0.16741553698590073,2.394153720623578
42,18,2.4,-0.010155498501575606,6700888000.0,-0.4989880579626224,2.3475542417611335
42,19,2.4,-0.010155498501575606,6798831000.0,-0.4989880579626224,2.3475542417611335
43,0,2.4,-0.011717882886433393,2799733800.0,-1.6671800891015933,1.7264155208127627
43,1,2.4,-0.011717882886433393,2802438100.0,-0.8208483439816049,2.25526228988618
43,2,2.4,-0.011717882886433393,2820466200.0,-2.0784609690826525,1.2000000000000002
43,3,2.4,-0.011717882886433393,2824425500.0,-0.4989880579626224,2.3475542417611335
43,4,2.4,-0.010936690694004499,2839100400.0,1.8912258086561327,1.47758754078158
43,5,2.4,-0.011717882886433393,2860509200.0,-0.4989880579626224,2.3475542417611335
43,6,2.4,-0.011717882886433393,2887373800.0,-2.0784609690826525,1.2000000000000002
43,7,2.4,-0.011717882886433393,2903215600.0,2.0784609690826525,1.2000000000000002
43,8,2.4,-0.011717882886433393,2915858400.0,-1.1267317506861378,2.1190742228614248
43,9,2.4,-0.011717882886433393,2920932400.0,-1.8912258086561327,1.47758754078158
43,10,2.4,-0.011717882886433393,2927895600.0,-1.8912258086561327,1.47758754078158
43,11,2.4,-0.011717882886433393,2979505200.0,-1.4106846055019355,1.9416407864998737
43,12,2.4,-0.011717882886433393,2983745500.0,-1.6671800891015933,1.7264155208127627
43,13,2.4,-0.011717882886433393,3009190000.0,-1.4106846055019355,1.9416407864998737
43,14,2.4,-0.011717882886433393,3022542800.0,-0.8208483439816049,2.25526228988618
43,15,2.4,-0.011717882886433393,3057705000.0,-0.8208483439816049,2.25526228988618
43,16,2.4,-0.011717882886433393,3087419400.0,-1.1267317506861378,2.1190742228614248
43,17,2.4,-0.011717882886433393,3098060300.0,-1.6671800891015933,1.7264155208127627
43,18,2.4,-0.011717882886433393,3172071400.0,-1.1267317506861378,2.1190742228614248
43,19,2.4,-0.011717882886433393,3186237400.0,-1.4106846055019355,1.9416407864998737
44,0,2.4,-0.011717882886433393,6632966000.0,-0.16741553698590073,2.394153720623578
44,1,2.4,-0.011717882886433393,6762169000.0,-1.4106846055019355,1.9416407864998737
44,2,2.4,-0.011717882886433393,6815963000.0,-1.4106846055019355,1.9416407864998737
44,3,2.4,-0.011717882886433393,6849947600.0,-0.4989880579626224,2.3475542417611335
44,4,2.4,-0.011717882886433393,6864290000.0,-0.4989880579626224,2.3475542417611335
44,5,2.4,-0.011717882886433393,6988609500.0,-1.1267317506861378,2.1190742228614248
44,6,2.4,-0.011717882886433393,6995060700.0,-0.16741553698590073,2.394153720623578
44,7,2.4,-0.011717882886433393,7109944000.0,-1.4106846055019355,1.9416407864998737
44,8,2.4,-0.011717882886433393,7249513500.0,-1.1267317506861378,2.1190742228614248
44,9,2.4,-0.011717882886433393,7285367000.0,-0.8208483439816049,2.25526228988618
44,10,2.4,-0.011717882886433393,7310309400.0,-0.16741553698590073,2.394153720623578
44,11,2.4,-0.011717882886433393,7437498400.0,-0.16741553698590073,2.394153720623578
44,12,2.4,-0.011717882886433393,7625386000.0,-0.8208483439816049,2.25526228988618
44,13,2.4,-0.011717882886433393,7716688000.0,-1.1267317506861378,2.1190742228614248
44,14,2.4,-0.011717882886433393,7738347500.0,-0.4989880579626224,2.3475542417611335
44,15,2.4,-0.011717882886433393,7746123000.0,-0.4989880579626224,2.3475542417611335
44,16,2.4,-0.011717882886433393,7808301000.0,-1.1267317506861378,2.1190742228614248
44,17,2.4,-0.011717882886433393,8031686700.0,-0.8208483439816049,2.25526228988618
44,18,2.4,-0.011717882886433393,8053049300.0,-0.4989880579626224,2.3475542417611335
44,19,2.4,-0.011717882886433393,8151099400.0,-0.8208483439816049,2.25526228988618
45,0,2.4,-0.010155498501575606,10203267000.0,0.4989880579626224,2.3475542417611335
45,1,2.4,-0.010155498501575606,10270601000.0,-1.1267317506861378,2.1190742228614248
45,2,2.4,-0.010155498501575606,10309663000.0,0.4989880579626224,2.3475542417611335
45,3,2.4,-0.010155498501575606,10345498000.0,-1.4106846055019355,1.9416407864998737
45,4,2.4,-0.010155498501575606,10346972000.0,-0.16741553698590073,2.394153720623578
45,5,2.4,-0.010155498501575606,10604636000.0,0.16741553698590073,2.394153720623578
45,6,2.4,-0.010155498501575606,10634669000.0,-0.4989880579626224,2.3475542417611335
45,7,2.4,-0.010155498501575606,10969889000.0,0.16741553698590073,2.394153720623578
45,8,2.4,-0.010155498501575606,11070649000.0,-1.1267317506861378,2.1190742228614248
45,9,2.4,-0.010155498501575606,11084022000.0,-0.16741553698590073,2.394153720623578
45,10,2.4,-0.010155498501575606,11126590000.0,-1.1267317506861378,2.1190742228614248
45,11,2.4,-0.010155498501575606,11127388000.0,-0.4989880579626224,2.3475542417611335
45,12,2.4,-0.010155498501575606,11172185000.0,-0.8208483439816049,2.25526228988618
45,13,2.4,-0.010155498501575606,11233649000.0,0.16741553698590073,2.394153720623578
45,14,2.4,-0.010155498501575606,11401146000.0,-0.8208483439816049,2.25526228988618
45,15,2.4,-0.010155498501575606,11520788000.0,-0.16741553698590073,2.394153720623578
45,16,2.4,-0.010155498501575606,11758034000.0,-0.4989880579626224,2.3475542417611335
45,17,2.4,-0.010155498501575606,11772972000.0,-0.8208483439816049,2.25526228988618
45,18,2.4,-0.010155498501575606,11779625000.0,-0.16741553698590073,2.394153720623578
45,19,2.4,-0.010155498501575606,11931051000.0,-0.4989880579626224,2.3475542417611335
46,0,2.4,-0.010155498501575606,5366244400.0,-0.4989880579626224,2.3475542417611335
46,1,2.4,-0.010155498501575606,5380794400.0,0.4989880579626224,2.3475542417611335
46,2,2.4,-0.010155498501575606,5454685000.0,0.8208483439816049,2.25526228988618
46,3,2.4,-0.010155498501575606,5463336000.0,0.16741553698590073,2.394153720623578
46,4,2.4,-0.010155498501575606,5506631700.0,-0.8208483439816049,2.25526228988618
46,5,2.4,-0.010155498501575606,5532535000.0,0.8208483439816049,2.25526228988618
46,6,2.4,-0.010155498501575606,5658804000.0,-0.8208483439816049,2.25526228988618
46,7,2.4,-0.010155498501575606,5679216600.0,0.4989880579626224,2.3475542417611335
46,8,2.4,-0.010155498501575606,5821947000.0,-0.16741553698590073,2.394153720623578
46,9,2.4,-0.010155498501575606,5837117400.0,-0.4989880579626224,2.3475542417611335
46,10,2.4,-0.010155498501575606,5894910000.0,-0.16741553698590073,2.394153720623578
46,11,2.4,-0.010155498501575606,5984880600.0,0.4989880579626224,2.3475542417611335
46,12,2.4,-0.010155498501575606,6014918700.0,-0.4989880579626224,2.3475542417611335
46,13,2.4,-0.010155498501575606,6089734000.0,0.4989880579626224,2.3475542417611335
46,14,2.4,-0.010155498501575606,6112170000.0,0.16741553698590073,2.394153720623578
46,15,2.4,-0.010155498501575606,6180260000.0,-0.4989880579626224,2.3475542417611335
46,16,2.4,-0.010155498501575606,6191323000.0,0.16741553698590073,2.394153720623578
46,17,2.4,-0.010155498501575606,6367234000.0,-0.16741553698590073,2.394153720623578
46,18,2.4,-0.010155498501575606,6392881000.0,-0.16741553698590073,2.394153720623578
46,19,2.4,-0.010155498501575606,6419151000.0,0.16741553698590073,2.394153720623578
47,0,2.4,-0.00976490240536116,7214354000.0,-1.6671800891015933,1.7264155208127627
47,1,2.4,-0.010155498501575606,7238199000.0,-2.0784609690826525,1.2000000000000002
47,2,2.4,-0.00976490240536116,7333401000.0,-1.4106846055019355,1.9416407864998737
47,3,2.4,-0.010155498501575606,7438149600.0,-1.4106846055019355,1.9416407864998737
47,4,2.4,-0.00976490240536116,7454582000.0,-1.1267317506861378,2.1190742228614248
47,5,2.4,-0.010155498501575606,7463842000.0,-1.6671800891015933,1.7264155208127627
47,6,2.4,-0.00976490240536116,7550385700.0,-0.8208483439816049,2.25526228988618
47,7,2.4,-0.00976490240536116,7592219000.0,-0.4989880579626224,2.3475542417611335
47,8,2.4,-0.00976490240536116,7597160400.0,-1.4106846055019355,1.9416407864998737
47,9,2.4,-0.010155498501575606,7636122600.0,-1.4106846055019355,1.9416407864998737
47,10,2.4,-0.010155498501575606,7680172000.0,-1.8912258086561327,1.47758754078158
47,11,2.4,-0.00976490240536116,7693446000.0,-0.4989880579626224,2.3475542417611335
47,12,2.4,-0.010155498501575606,7727114000.0,-1.6671800891015933,1.7264155208127627
47,13,2.4,-0.010155498501575606,7745467400.0,-1.8912258086561327,1.47758754078158
47,14,2.4,-0.00976490240536116,7779734500.0,-0.8208483439816049,2.25526228988618
47,15,2.4,-0.00976490240536116,7795883000.0,-1.4106846055019355,1.9416407864998737
47,16,2.4,-0.00976490240536116,7913886000.0,-1.1267317506861378,2.1190742228614248
47,17,2.4,-0.010155498501575606,7927855000.0,-1.6671800891015933,1.7264155208127627
47,18,2.4,-0.00976490240536116,8040335400.0,-0.8208483439816049,2.25526228988618
47,19,2.4,-0.00976490240536116,8042030000.0,-1.1267317506861378,2.1190742228614248
48,0,2.4,-0.010155498501575606,16735822000.0,1.1267317506861378,2.1190742228614248
48,1,2.4,-0.010155498501575606,16794860000.0,0.8208483439816049,2.25526228988618
48,2,2.4,-0.010155498501575606,16818897000.0,0.4989880579626224,2.3475542417611335
48,3,2.4,-0.010155498501575606,16906881000.0,0.4989880579626224,2.3475542417611335
48,4,2.4,-0.010155498501575606,16920443000.0,-0.16741553698590073,2.394153720623578
48,5,2.4,-0.010155498501575606,17237682000.0,-0.4989880579626224,2.3475542417611335
48,6,2.4,-0.010155498501575606,17258099000.0,0.8208483439816049,2.25526228988618
48,7,2.4,-0.010155498501575606,17612923000.0,-0.4989880579626224,2.3475542417611335
48,8,2.4,-0.010155498501575606,18305454000.0,0.16741553698590073,2.394153720623578
48,9,2.4,-0.010155498501575606,18421633000.0,-0.16741553698590073,2.394153720623578
48,10,2.4,-0.010155498501575606,18533190000.0,0.8208483439816049,2.25526228988618
48,11,2.4,-0.010155498501575606,18633077000.0,0.16741553698590073,2.394153720623578
48,12,2.4,-0.010155498501575606,18695844000.0,0.8208483439816049,2.25526228988618
48,13,2.4,-0.010155498501575606,18911916000.0,-0.16741553698590073,2.394153720623578
48,14,2.4,-0.010155498501575606,19199406000.0,0.4989880579626224,2.3475542417611335
48,15,2.4,-0.010155498501575606,19247022000.0,0.4989880579626224,2.3475542417611335
48,16,2.4,-0.010155498501575606,19439057000.0,-0.16741553698590073,2.394153720623578
48,17,2.4,-0.010155498501575606,20012878000.0,0.16741553698590073,2.394153720623578
48,18,2.4,-0.010155498501575606,20052074000.0,0.4989880579626224,2.3475542417611335
48,19,2.4,-0.010155498501575606,20127924000.0,0.16741553698590073,2.394153720623578
49,0,2.4,-0.010155498501575606,11165525000.0,0.16741553698590073,2.394153720623578
49,1,2.4,-0.010155498501575606,11173378000.0,-0.8208483439816049,2.25526228988618
49,2,2.4,-0.010155498501575606,11392647000.0,-1.1267317506861378,2.1190742228614248
49,3,2.4,-0.010155498501575606,11440972000.0,0.16741553698590073,2.394153720623578
49,4,2.4,-0.010155498501575606,11521765000.0,-0.4989880579626224,2.3475542417611335
49,5,2.4,-0.010155498501575606,11682904000.0,0.16741553698590073,2.394153720623578
49,6,2.4,-0.010155498501575606,11695815000.0,-0.16741553698590073,2.394153720623578
49,7,2.4,-0.010155498501575606,11865354000.0,-1.1267317506861378,2.1190742228614248
49,8,2.4,-0.010155498501575606,11968092000.0,-0.8208483439816049,2.25526228988618
49,9,2.4,-0.010155498501575606,12010365000.0,-1.1267317506861378,2.1190742228614248
49,10,2.4,-0.010155498501575606,12219544000.0,-0.4989880579626224,2.3475542417611335
49,11,2.4,-0.010155498501575606,12309138000.0,-0.16741553698590073,2.394153720623578
49,12,2.4,-0.010155498501575606,12432043000.0,-0.8208483439816049,2.25526228988618
49,13,2.4,-0.010155498501575606,12632455000.0,-0.16741553698590073,2.394153720623578
49,14,2.4,-0.010155498501575606,12753863000.0,-0.4989880579626224,2.3475542417611335
49,15,2.4,-0.010155498501575606,12847833000.0,-0.16741553698590073,2.394153720623578
49,16,2.4,-0.010155498501575606,12862132000.0,-0.8208483439816049,2.25526228988618
49,17,2.4,-0.010155498501575606,13025044000.0,-0.8208483439816049,2.25526228988618
49,18,2.4,-0.010155498501575606,13131497000.0,-0.4989880579626224,2.3475542417611335
49,19,2.4,-0.010155498501575606,13319123000.0,-0.4989880579626224,2.3475542417611335
50,0,2.4,-0.010155498501575606,41162543000.0,-1.1267317506861378,2.1190742228614248
50,1,2.4,-0.010155498501575606,42516250000.0,-0.16741553698590073,2.394153720623578
50,2,2.4,-0.010155498501575606,43648893000.0,0.4989880579626224,2.3475542417611335
50,3,2.4,-0.010155498501575606,43740426000.0,-0.16741553698590073,2.394153720623578
50,4,2.4,-0.010155498501575606,44533770000.0,0.16741553698590073,2.394153720623578
50,5,2.4,-0.010155498501575606,44647550000.0,-0.8208483439816049,2.25526228988618
50,6,2.4,-0.010155498501575606,44745470000.0,0.4989880579626224,2.3475542417611335
50,7,2.4,-0.010155498501575606,44775150000.0,-0.8208483439816049,2.25526228988618
50,8,2.4,-0.010155498501575606,45122912000.0,-0.4989880579626224,2.3475542417611335
50,9,2.4,-0.010155498501575606,45707680000.0,-0.4989880579626224,2.3475542417611335
50,10,2.4,-0.010155498501575606,45835694000.0,0.16741553698590073,2.394153720623578
50,11,2.4,-0.010155498501575606,46000400000.0,0.4989880579626224,2.3475542417611335
50,12,2.4,-0.010155498501575606,46562275000.0,-0.8208483439816049,2.25526228988618
50,13,2.4,-0.010155498501575606,48428840000.0,-0.16741553698590073,2.394153720623578
50,14,2.4,-0.010155498501575606,48736970000.0,0.16741553698590073,2.394153720623578
50,15,2.4,-0.010155498501575606,49091363000.0,-0.16741553698590073,2.394153720623578
50,16,2.4,-0.010155498501575606,49141170000.0,-0.4989880579626224,2.3475542417611335
50,17,2.4,-0.010155498501575606,49194144000.0,0.16741553698590073,2.394153720623578
50,18,2.4,-0.010155498501575606,49346494000.0,-0.4989880579626224,2.3475542417611335
50,19,2.4,-0.010155498501575606,50737693000.0,-0.16741553698590073,2.394153720623578
51,0,2.4,-0.010155498501575606,35821183000.0,-0.8208483439816049,2.25526228988618
51,1,2.4,-0.010155498501575606,35887810000.0,-0.4989880579626224,2.3475542417611335
51,2,2.4,-0.010155498501575606,36994785000.0,0.16741553698590073,2.394153720623578
51,3,2.4,-0.010155498501575606,37353538000.0,0.8208483439816049,2.25526228988618
51,4,2.4,-0.010155498501575606,37529900000.0,0.4989880579626224,2.3475542417611335
51,5,2.4,-0.010155498501575606,37925530000.0,0.8208483439816049,2.25526228988618
51,6,2.4,-0.010155498501575606,39203705000.0,0.16741553698590073,2.394153720623578
51,7,2.4,-0.010155498501575606,39445828000.0,-0.4989880579626224,2.3475542417611335
51,8,2.4,-0.010155498501575606,39774564000.0,0.4989880579626224,2.3475542417611335
51,9,2.4,-0.010155498501575606,39817347000.0,-0.4989880579626224,2.3475542417611335
51,10,2.4,-0.010155498501575606,39857947000.0,-0.16741553698590073,2.394153720623578
51,11,2.4,-0.010155498501575606,41017680000.0,-0.16741553698590073,2.394153720623578
51,12,2.4,-0.010155498501575606,41066740000.0,-0.4989880579626224,2.3475542417611335
51,13,2.4,-0.010155498501575606,41332280000.0,0.4989880579626224,2.3475542417611335
51,14,2.4,-0.010155498501575606,42010833000.0,0.16741553698590073,2.394153720623578
51,15,2.4,-0.010155498501575606,42120503000.0,0.4989880579626224,2.3475542417611335
51,16,2.4,-0.010155498501575606,43206330000.0,0.16741553698590073,2.394153720623578
51,17,2.4,-0.010155498501575606,43252814000.0,-0.16741553698590073,2.394153720623578
51,18,2.4,-0.010155498501575606,43660080000.0,-0.16741553698590073,2.394153720623578
51,19,2.4,-0.010155498501575606,44192040000.0,0.16741553698590073,2.394153720623578
52,0,2.4,-0.011717882886433393,9845580000.0,-0.16741553698590073,2.394153720623578
52,1,2.4,-0.011717882886433393,9862633000.0,-0.4989880579626224,2.3475542417611335
52,2,2.4,-0.011717882886433393,9979600000.0,-0.8208483439816049,2.25526228988618
52,3,2.4,-0.010155498501575606,9994178000.0,-0.16741553698590073,2.394153720623578
52,4,2.4,-0.010155498501575606,10068831000.0,-0.4989880579626224,2.3475542417611335
52,5,2.4,-0.010155498501575606,10135925000.0,-0.16741553698590073,2.394153720623578
52,6,2.4,-0.011717882886433393,10220858000.0,-0.4989880579626224,2.3475542417611335
52,7,2.4,-0.010155498501575606,10326953000.0,-0.8208483439816049,2.25526228988618
52,8,2.4,-0.010155498501575606,10386887000.0,-1.4106846055019355,1.9416407864998737
52,9,2.4,-0.010155498501575606,10396977000.0,-1.4106846055019355,1.9416407864998737
52,10,2.4,-0.010155498501575606,10468197000.0,-0.16741553698590073,2.394153720623578
52,11,2.4,-0.010155498501575606,10556924000.0,-0.4989880579626224,2.3475542417611335
52,12,2.4,-0.010155498501575606,10770909000.0,-1.1267317506861378,2.1190742228614248
52,13,2.4,-0.010155498501575606,10823507000.0,-0.8208483439816049,2.25526228988618
52,14,2.4,-0.010155498501575606,10935185000.0,-1.1267317506861378,2.1190742228614248
52,15,2.4,-0.010155498501575606,11063572000.0,-0.4989880579626224,2.3475542417611335
52,16,2.4,-0.010155498501575606,11234967000.0,-0.4989880579626224,2.3475542417611335
52,17,2.4,-0.010155498501575606,11281545000.0,-1.1267317506861378,2.1190742228614248
52,18,2.4,-0.010155498501575606,11341263000.0,-0.8208483439816049,2.25526228988618
52,19,2.4,-0.010155498501575606,11515625000.0,-0.8208483439816049,2.25526228988618
53,0,2.4,-0.010155498501575606,9838192000.0,-0.4989880579626224,2.3475542417611335
53,1,2.4,-0.010155498501575606,9913706000.0,-1.6671800891015933,1.7264155208127627
53,2,2.4,-0.010155498501575606,10071245000.0,-1.6671800891015933,1.7264155208127627
53,3,2.4,-0.010155498501575606,10074216000.0,-0.16741553698590073,2.394153720623578
53,4,2.4,-0.010155498501575606,10502278000.0,-1.1267317506861378,2.1190742228614248
53,5,2.4,-0.010155498501575606,10624322000.0,-0.16741553698590073,2.394153720623578
53,6,2.4,-0.010155498501575606,10755539000.0,-1.4106846055019355,1.9416407864998737
53,7,2.4,-0.010155498501575606,10772085000.0,-0.8208483439816049,2.25526228988618
53,8,2.4,-0.010155498501575606,10812955000.0,-1.4106846055019355,1.9416407864998737
53,9,2.4,-0.010155498501575606,10836019000.0,-0.16741553698590073,2.394153720623578
53,10,2.4,-0.010155498501575606,11087913000.0,-0.8208483439816049,2.25526228988618
53,11,2.4,-0.010155498501575606,11114378000.0,-1.1267317506861378,2.1190742228614248
53,12,2.4,-0.010155498501575606,11130761000.0,-0.4989880579626224,2.3475542417611335
53,13,2.4,-0.010155498501575606,11229592000.0,-1.4106846055019355,1.9416407864998737
53,14,2.4,-0.010155498501575606,11231575000.0,-0.4989880579626224,2.3475542417611335
53,15,2.4,-0.010155498501575606,11641913000.0,-1.1267317506861378,2.1190742228614248
53,16,2.4,-0.010155498501575606,11685463000.0,-0.4989880579626224,2.3475542417611335
53,17,2.4,-0.010155498501575606,11856862000.0,-1.1267317506861378,2.1190742228614248
53,18,2.4,-0.010155498501575606,11857558000.0,-0.8208483439816049,2.25526228988618
53,19,2.4,-0.010155498501575606,11968452000.0,-0.8208483439816049,2.25526228988618
54,0,2.4,-0.00976490240536116,8477766700.0,-0.16741553698590073,2.394153720623578
54,1,2.4,-0.010546094597790052,8535560700.0,0.16741553698590073,2.394153720623578
54,2,2.4,-0.00976490240536116,8643836000.0,-0.16741553698590073,2.394153720623578
54,3,2.4,-0.010546094597790052,8644236000.0,-0.4989880579626224,2.3475542417611335
54,4,2.4,-0.010546094597790052,8688198000.0,0.8208483439816049,2.25526228988618
54,5,2.4,-0.00976490240536116,8704057000.0,-0.4989880579626224,2.3475542417611335
54,6,2.4,-0.010546094597790052,8733757000.0,0.4989880579626224,2.3475542417611335
54,7,2.4,-0.010546094597790052,8764504000.0,-0.4989880579626224,2.3475542417611335
54,8,2.4,-0.010546094597790052,8892940000.0,-0.16741553698590073,2.394153720623578
54,9,2.4,-0.010546094597790052,8933403000.0,0.8208483439816049,2.25526228988618
54,10,2.4,-0.010546094597790052,8939963000.0,-0.16741553698590073,2.394153720623578
54,11,2.4,-0.010546094597790052,8942298000.0,0.4989880579626224,2.3475542417611335
54,12,2.4,-0.010546094597790052,9053288000.0,-0.4989880579626224,2.3475542417611335
54,13,2.4,-0.010546094597790052,9541485000.0,0.4989880579626224,2.3475542417611335
54,14,2.4,-0.010546094597790052,9543827000.0,0.16741553698590073,2.394153720623578
54,15,2.4,-0.010546094597790052,9600539000.0,0.16741553698590073,2.394153720623578
54,16,2.4,-0.010546094597790052,9614723000.0,0.4989880579626224,2.3475542417611335
54,17,2.4,-0.010546094597790052,9639520000.0,-0.16741553698590073,2.394153720623578
54,18,2.4,-0.010546094597790052,9656025000.0,-0.16741553698590073,2.394153720623578
54,19,2.4,-0.010546094597790052,9954638000.0,0.16741553698590073,2.394153720623578
55,0,2.4,-0.00976490240536116,4942784500.0,-0.16741553698590073,2.394153720623578
55,1,2.4,-0.009374306309146714,4999847400.0,0.16741553698590073,2.394153720623578
55,2,2.4,-0.00976490240536116,5001783300.0,-0.8208483439816049,2.25526228988618
55,3,2.4,-0.009374306309146714,5005941000.0,-0.16741553698590073,2.394153720623578
55,4,2.4,-0.00976490240536116,5035421700.0,-0.4989880579626224,2.3475542417611335
55,5,2.4,-0.00976490240536116,5055729700.0,-0.16741553698590073,2.394153720623578
55,6,2.4,-0.00976490240536116,5099131000.0,-0.4989880579626224,2.3475542417611335
55,7,2.4,-0.009374306309146714,5119689700.0,-0.16741553698590073,2.394153720623578
55,8,2.4,-0.009374306309146714,5274185000.0,0.4989880579626224,2.3475542417611335
55,9,2.4,-0.009374306309146714,5286883300.0,0.8208483439816049,2.25526228988618
55,10,2.4,-0.009374306309146714,5313466000.0,0.8208483439816049,2.25526228988618
55,11,2.4,-0.009374306309146714,5340719000.0,0.4989880579626224,2.3475542417611335
55,12,2.4,-0.009374306309146714,5478589400.0,-0.16741553698590073,2.394153720623578
55,13,2.4,-0.009374306309146714,5518531600.0,-0.16741553698590073,2.394153720623578
55,14,2.4,-0.009374306309146714,5549934600.0,0.8208483439816049,2.25526228988618
55,15,2.4,-0.009374306309146714,5595221000.0,0.16741553698590073,2.394153720623578
55,16,2.4,-0.009374306309146714,5658512400.0,0.16741553698590073,2.394153720623578
55,17,2.4,-0.009374306309146714,5786242000.0,0.4989880579626224,2.3475542417611335
55,18,2.4,-0.009374306309146714,5809601500.0,0.4989880579626224,2.3475542417611335
55,19,2.4,-0.009374306309146714,5867591000.0,0.16741553698590073,2.394153720623578
